0,0.6996593400
1,0.7027137300
2,0.7057481200
3,0.7087154800
4,0.7116617500
5,0.7146080200
6,0.7175542900
7,0.7205005600
8,0.7234268300
9,0.7263460700
10,0.7292653100
11,0.7321845500
12,0.7351037900
13,0.7380230300
14,0.7409422700
15,0.7438615100
16,0.7467807500
17,0.7496999900
18,0.7526192300
19,0.7555384700
20,0.7584577100
21,0.7613769500
22,0.7642961900
23,0.7672154300
24,0.7701346700
25,0.7730539100
26,0.7759731500
27,0.7788923900
28,0.7818116300
29,0.7847308700
30,0.7876501100
31,0.7905693500
32,0.7934885900
33,0.7964078300
34,0.7993270700
35,0.8022463100
36,0.8051655500
37,0.8080847900
38,0.8110040300
39,0.8139232700
40,0.8168425100
41,0.8197617500
42,0.8226809900
43,0.8256002300
44,0.8285194700
45,0.8314387100
46,0.8343579500
47,0.8372771900
48,0.8401964300
49,0.8431156700
50,0.8460349100
51,0.8489541500
52,0.8518733900
53,0.8547926300
54,0.8577118700
55,0.8606311100
56,0.8635503500
57,0.8664695900
58,0.8693888300
59,0.8723080700
60,0.8752273100
61,0.8781465500
62,0.8810657900
63,0.8839850300
64,0.8869042700
65,0.8898235100
66,0.8927427500
67,0.8956619900
68,0.8985812300
69,0.9015004700
70,0.9044197100
71,0.9073389500
72,0.9102581900
73,0.9131774300
74,0.9160966700
75,0.9190159100
76,0.9219151500
77,0.9247873600
78,0.9276525400
79,0.9304977200
80,0.9333158700
81,0.9360869900
82,0.9388040500
83,0.9415070500
84,0.9442100500
85,0.9468730500
86,0.9495019900
87,0.9519739000
88,0.9543595700
89,0.9566982100
90,0.9590227900
91,0.9613273700
92,0.9635849200
93,0.9656484100
94,0.9674686300
95,0.9689855800
96,0.9701981700
97,0.9711534300
98,0.9719854200
99,0.9727763200
100,0.9735401900
101,0.9742770300
102,0.9749668400
103,0.9755825900
104,0.9761772500
105,0.9767519100
106,0.9772595400
107,0.9777460800
108,0.9781726200
109,0.9785580700
110,0.9789164900
111,0.9792278800
112,0.9795252100
113,0.9798225400
114,0.9800998700
115,0.9803701700
116,0.9806404700
117,0.9808907700
118,0.9811340400
119,0.9813773100
120,0.9816205800
121,0.9818638500
122,0.9821071200
123,0.9823503900
124,0.9825936600
125,0.9828369300
126,0.9830802000
127,0.9833234700
128,0.9835667400
129,0.9838100100
130,0.9840532800
131,0.9842965500
132,0.9845398200
133,0.9847830900
134,0.9850263600
135,0.9852696300
136,0.9855129000
137,0.9857561700
138,0.9859994400
139,0.9862427100
140,0.9864859800
141,0.9867292500
142,0.9869725200
143,0.9872157900
144,0.9874590600
145,0.9877023300
146,0.9879456000
147,0.9881888700
148,0.9884321400
149,0.9886754100
150,0.9889186800
151,0.9891619500
152,0.9894052200
153,0.9896484900
154,0.9898917600
155,0.9901350300
156,0.9903783000
157,0.9906215700
158,0.9908648400
159,0.9911081100
160,0.9913513800
161,0.9915946500
162,0.9918379200
163,0.9920811900
164,0.9923244600
165,0.9925677300
166,0.9928110000
167,0.9930542700
168,0.9932975400
169,0.9935408100
170,0.9937840800
171,0.9940273500
172,0.9942706200
173,0.9945138900
174,0.9947571600
175,0.9950004300
176,0.9952437000
177,0.9954869700
178,0.9957302400
179,0.9959735100
180,0.9962167800
181,0.9964600500
182,0.9967033200
183,0.9969465900
184,0.9971898600
185,0.9974331300
186,0.9976764000
187,0.9979196700
188,0.9981629400
189,0.9984062100
190,0.9986494800
191,0.9988927500
192,0.9991360200
193,0.9993792900
194,0.9996225600
195,0.9998658300
196,1.0001091000
197,1.0003523700
198,1.0005956400
199,1.0008389100
200,1.0010821800
201,1.0013254500
202,1.0015687200
203,1.0018119900
204,1.0020552600
205,1.0022985300
206,1.0025418000
207,1.0027850700
208,1.0030283400
209,1.0032716100
210,1.0035148800
211,1.0037581500
212,1.0040014200
213,1.0042446900
214,1.0044879600
215,1.0047312300
216,1.0049745000
217,1.0052177700
218,1.0054610400
219,1.0057043100
220,1.0059475800
221,1.0061908500
222,1.0064341200
223,1.0066773900
224,1.0069206600
225,1.0071639300
226,1.0074072000
227,1.0076504700
228,1.0078937400
229,1.0081370100
230,1.0083802800
231,1.0086235500
232,1.0088668200
233,1.0091100900
234,1.0093533600
235,1.0095966300
236,1.0098399000
237,1.0100831700
238,1.0103264400
239,1.0105697100
240,1.0108129800
241,1.0110562500
242,1.0112995200
243,1.0115427900
244,1.0117860600
245,1.0120293300
246,1.0122726000
247,1.0125158700
248,1.0127591400
249,1.0130024100
250,1.0132456800
251,1.0134889500
252,1.0137322200
253,1.0139754900
254,1.0142187600
255,1.0144620300
256,1.0147053000
257,1.0149485700
258,1.0151918400
259,1.0154351100
260,1.0156783800
261,1.0159216500
262,1.0161649200
263,1.0164081900
264,1.0166514600
265,1.0168947300
266,1.0171380000
267,1.0173812700
268,1.0176245400
269,1.0178678100
270,1.0181110800
271,1.0183543500
272,1.0185976200
273,1.0188408900
274,1.0190841600
275,1.0193274300
276,1.0195707000
277,1.0198139700
278,1.0200572400
279,1.0203005100
280,1.0205437800
281,1.0207870500
282,1.0210303200
283,1.0212735900
284,1.0215168600
285,1.0217601300
286,1.0220034000
287,1.0222466700
288,1.0224899400
289,1.0227332100
290,1.0229764800
291,1.0232197500
292,1.0234630200
293,1.0237062900
294,1.0239495600
295,1.0241928300
296,1.0244361000
297,1.0246793700
298,1.0249226400
299,1.0251659100
300,1.0254091800
301,1.0256524500
302,1.0258957200
303,1.0261389900
304,1.0263822600
305,1.0266255300
306,1.0268688000
307,1.0271120700
308,1.0273553400
309,1.0275986100
310,1.0278418800
311,1.0280851500
312,1.0283284200
313,1.0285716900
314,1.0288149600
315,1.0290582300
316,1.0293015000
317,1.0295447700
318,1.0297880400
319,1.0300313100
320,1.0302745800
321,1.0305178500
322,1.0307611200
323,1.0310043900
324,1.0312476600
325,1.0314909300
326,1.0317342000
327,1.0319774700
328,1.0322207400
329,1.0324640100
330,1.0327072800
331,1.0329505500
332,1.0331938200
333,1.0334370900
334,1.0336803600
335,1.0339236300
336,1.0341669000
337,1.0344101700
338,1.0346534400
339,1.0348967100
340,1.0351399800
341,1.0353832500
342,1.0356265200
343,1.0358697900
344,1.0361130600
345,1.0363563300
346,1.0365996000
347,1.0368428700
348,1.0370861400
349,1.0373294100
350,1.0375726800
351,1.0378159500
352,1.0380592200
353,1.0383024900
354,1.0385457600
355,1.0387890300
356,1.0390323000
357,1.0392755700
358,1.0395188400
359,1.0397621100
360,1.0400053800
361,1.0402486500
362,1.0404919200
363,1.0407351900
364,1.0409784600
365,1.0412217300
366,1.0414650000
367,1.0417082700
368,1.0419515400
369,1.0421948100
370,1.0424380800
371,1.0426813500
372,1.0429246200
373,1.0431678900
374,1.0434111600
375,1.0436544300
376,1.0438977000
377,1.0441409700
378,1.0443842400
379,1.0446275100
380,1.0448707800
381,1.0451140500
382,1.0453573200
383,1.0456005900
384,1.0458438600
385,1.0460871300
386,1.0463304000
387,1.0465736700
388,1.0468169400
389,1.0470602100
390,1.0473034800
391,1.0475467500
392,1.0477900200
393,1.0480332900
394,1.0482765600
395,1.0485198300
396,1.0487631000
397,1.0490063700
398,1.0492496400
399,1.0494929100
400,1.0497361800
401,1.0499794500
402,1.0502227200
403,1.0504659900
404,1.0507092600
405,1.0509525300
406,1.0511958000
407,1.0514390700
408,1.0516823400
409,1.0519256100
410,1.0521688800
411,1.0524121500
412,1.0526554200
413,1.0528986900
414,1.0531419600
415,1.0533852300
416,1.0536285000
417,1.0538717700
418,1.0541150400
419,1.0543583100
420,1.0546015800
421,1.0548448500
422,1.0550881200
423,1.0553313900
424,1.0555746600
425,1.0558179300
426,1.0560612000
427,1.0563044700
428,1.0565477400
429,1.0567910100
430,1.0570342800
431,1.0572775500
432,1.0575208200
433,1.0577640900
434,1.0580073600
435,1.0582506300
436,1.0584939000
437,1.0587371700
438,1.0589804400
439,1.0592237100
440,1.0594669800
441,1.0597102500
442,1.0599535200
443,1.0601967900
444,1.0604400600
445,1.0606833300
446,1.0609266000
447,1.0611698700
448,1.0614131400
449,1.0616564100
450,1.0618996800
451,1.0621429500
452,1.0623862200
453,1.0626294900
454,1.0628727600
455,1.0631160300
456,1.0633593000
457,1.0636025700
458,1.0638458400
459,1.0640891100
460,1.0643323800
461,1.0645756500
462,1.0648189200
463,1.0650621900
464,1.0653054600
465,1.0655487300
466,1.0657920000
467,1.0660352700
468,1.0662785400
469,1.0665218100
470,1.0667650800
471,1.0670083500
472,1.0672516200
473,1.0674948900
474,1.0677381600
475,1.0679814300
476,1.0682247000
477,1.0684679700
478,1.0687112400
479,1.0689545100
480,1.0691977800
481,1.0694410500
482,1.0696843200
483,1.0699275900
484,1.0701708600
485,1.0704141300
486,1.0706574000
487,1.0709006700
488,1.0711439400
489,1.0713872100
490,1.0716304800
491,1.0718737500
492,1.0721170200
493,1.0723602900
494,1.0726035600
495,1.0728468300
496,1.0730901000
497,1.0733333700
498,1.0735766400
499,1.0738199100
