0,0.6998209000
1,0.7148289000
2,0.7269924000
3,0.7391559000
4,0.7513194000
5,0.7634829000
6,0.7756464000
7,0.7878099000
8,0.7999734000
9,0.8121369000
10,0.8243004000
11,0.8364639000
12,0.8486274000
13,0.8607909000
14,0.8729544000
15,0.8851179000
16,0.8972814000
17,0.9094449000
18,0.9216084000
19,0.9337719000
20,0.9459354000
21,0.9580989000
22,0.9702624000
23,0.9824259000
24,0.9945894000
25,1.0067529000
26,1.0189164000
27,1.0310799000
28,1.0432434000
29,1.0554069000
30,1.0675704000
31,1.0797339000
32,1.0918974000
33,1.1040609000
34,1.1162244000
35,1.1283879000
36,1.1405514000
37,1.1527149000
38,1.1648784000
39,1.1770419000
40,1.1892054000
41,1.2013689000
42,1.2135324000
43,1.2256959000
44,1.2378594000
45,1.2500229000
46,1.2621864000
47,1.2743499000
48,1.2865134000
49,1.2986769000
50,1.3108404000
51,1.3230039000
52,1.3351674000
53,1.3473309000
54,1.3594944000
55,1.3716579000
56,1.3838214000
57,1.3959849000
58,1.4081484000
59,1.4203119000
60,1.4324754000
61,1.4446389000
62,1.4568024000
63,1.4689659000
64,1.4811294000
65,1.4932929000
66,1.5054564000
67,1.5176199000
68,1.5297834000
69,1.5419469000
70,1.5541104000
71,1.5662739000
72,1.5784374000
73,1.5906009000
74,1.6027644000
75,1.6149279000
76,1.6270914000
77,1.6392549000
78,1.6514184000
79,1.6635819000
80,1.6757454000
81,1.6879089000
82,1.7000724000
83,1.7122359000
84,1.7243994000
85,1.7365629000
86,1.7487264000
87,1.7608899000
88,1.7730534000
89,1.7852169000
90,1.7973804000
91,1.8095439000
92,1.8217074000
93,1.8338709000
94,1.8460344000
95,1.8581979000
96,1.8703614000
97,1.8825249000
98,1.8946884000
99,1.9068519000
100,1.9190154000
101,1.9311789000
102,1.9433424000
103,1.9555059000
104,1.9676694000
105,1.9798329000
106,1.9919964000
107,2.0041599000
108,2.0163234000
109,2.0284869000
110,2.0406504000
111,2.0528139000
112,2.0649774000
113,2.0771409000
114,2.0893044000
115,2.1014679000
116,2.1136314000
117,2.1257949000
118,2.1379584000
119,2.1501219000
120,2.1622854000
121,2.1744489000
122,2.1866124000
123,2.1987759000
124,2.2109394000
125,2.2231029000
126,2.2352664000
127,2.2474299000
128,2.2595934000
129,2.2717569000
130,2.2839204000
131,2.2960839000
132,2.3082474000
133,2.3204109000
134,2.3325744000
135,2.3447379000
136,2.3569014000
137,2.3690649000
138,2.3812284000
139,2.3933919000
140,2.4055554000
141,2.4177189000
142,2.4298824000
143,2.4420459000
144,2.4542094000
145,2.4663729000
146,2.4785364000
147,2.4906999000
148,2.5028634000
149,2.5150269000
150,2.5271904000
151,2.5393539000
152,2.5515174000
153,2.5636809000
154,2.5758444000
155,2.5880079000
156,2.6001714000
157,2.6123349000
158,2.6244984000
159,2.6366619000
160,2.6488254000
161,2.6609889000
162,2.6731524000
163,2.6853159000
164,2.6974794000
165,2.7096429000
166,2.7218064000
167,2.7339699000
168,2.7461334000
169,2.7582969000
170,2.7704604000
171,2.7826239000
172,2.7947874000
173,2.8069509000
174,2.8191144000
175,2.8312779000
176,2.8434414000
177,2.8556049000
178,2.8677684000
179,2.8799319000
180,2.8920954000
181,2.9042589000
182,2.9164224000
183,2.9285859000
184,2.9407494000
185,2.9529129000
186,2.9650764000
187,2.9772399000
188,2.9894034000
189,3.0015669000
190,3.0137304000
191,3.0258939000
192,3.0380574000
193,3.0502209000
194,3.0623844000
195,3.0745479000
196,3.0867114000
197,3.0988749000
198,3.1110384000
199,3.1232019000
200,3.1353654000
201,3.1475289000
202,3.1596924000
203,3.1718559000
204,3.1840194000
205,3.1961829000
206,3.2083464000
207,3.2205099000
208,3.2326734000
209,3.2448369000
210,3.2570004000
211,3.2691639000
212,3.2813274000
213,3.2934909000
214,3.3056544000
215,3.3178179000
216,3.3299814000
217,3.3421449000
218,3.3543084000
219,3.3664719000
220,3.3786354000
221,3.3907989000
222,3.4029624000
223,3.4151259000
224,3.4272894000
225,3.4394529000
226,3.4516164000
227,3.4637799000
228,3.4759434000
229,3.4881069000
230,3.5002704000
231,3.5124339000
232,3.5245974000
233,3.5367609000
234,3.5489244000
235,3.5610879000
236,3.5732514000
237,3.5854149000
238,3.5975784000
239,3.6097419000
240,3.6219054000
241,3.6340689000
242,3.6462324000
243,3.6583959000
244,3.6705594000
245,3.6827229000
246,3.6948864000
247,3.7070499000
248,3.7192134000
249,3.7313769000
250,3.7435404000
251,3.7557039000
252,3.7678674001
253,3.7800309001
254,3.7921944001
255,3.8043579001
256,3.8165214001
257,3.8286849001
258,3.8408484001
259,3.8530119001
260,3.8651754001
261,3.8773389001
262,3.8895024001
263,3.9016659001
264,3.9138294001
265,3.9259929001
266,3.9381564001
267,3.9503199001
268,3.9624834001
269,3.9746469001
270,3.9868104001
271,3.9989739001
272,4.0111374001
273,4.0233009001
274,4.0354644001
275,4.0476279001
276,4.0597914001
277,4.0719549001
278,4.0841184001
279,4.0962819001
280,4.1084454001
281,4.1206089001
282,4.1327724001
283,4.1449359001
284,4.1570994001
285,4.1692629001
286,4.1814264001
287,4.1935899001
288,4.2057534001
289,4.2179169001
290,4.2300804001
291,4.2422439001
292,4.2544074001
293,4.2665709001
294,4.2787344001
295,4.2908979001
296,4.3030614001
297,4.3152249001
298,4.3273884001
299,4.3395519001
300,4.3517154001
301,4.3638789001
302,4.3760424001
303,4.3882059001
304,4.4003694001
305,4.4125329001
306,4.4246964001
307,4.4368599001
308,4.4490234001
309,4.4611869001
310,4.4733504001
311,4.4855139001
312,4.4976774001
313,4.5098409001
314,4.5220044001
315,4.5341679001
316,4.5463314001
317,4.5584949001
318,4.5706584001
319,4.5828219001
320,4.5949854001
321,4.6071489001
322,4.6193124001
323,4.6314759001
324,4.6436394001
325,4.6558029001
326,4.6679664001
327,4.6801299001
328,4.6922934001
329,4.7044569001
330,4.7166204001
331,4.7287839001
332,4.7409474001
333,4.7531109001
334,4.7652744001
335,4.7774379001
336,4.7896014001
337,4.8017649001
338,4.8139284001
339,4.8260919001
340,4.8382554001
341,4.8504189001
342,4.8625824001
343,4.8747459001
344,4.8869094001
345,4.8990729001
346,4.9112364001
347,4.9233999001
348,4.9355634001
349,4.9477269001
350,4.9598904001
351,4.9720539001
352,4.9842174001
353,4.9963809001
354,5.0085444001
355,5.0207079001
356,5.0328714001
357,5.0450349001
358,5.0571984001
359,5.0693619001
360,5.0815254001
361,5.0936889001
362,5.1058524001
363,5.1180159001
364,5.1301794001
365,5.1423429001
366,5.1545064001
367,5.1666699001
368,5.1788334001
369,5.1909969001
370,5.2031604001
371,5.2153239001
372,5.2274874001
373,5.2396509001
374,5.2518144001
375,5.2639779001
376,5.2761414001
377,5.2883049001
378,5.3004684001
379,5.3126319001
380,5.3247954001
381,5.3369589001
382,5.3491224001
383,5.3612859001
384,5.3734494001
385,5.3856129001
386,5.3977764001
387,5.4099399001
388,5.4221034001
389,5.4342669001
390,5.4464304001
391,5.4585939001
392,5.4707574001
393,5.4829209001
394,5.4950844001
395,5.5072479001
396,5.5194114001
397,5.5315749001
398,5.5437384001
399,5.5559019001
400,5.5680654001
401,5.5802289001
402,5.5923924001
403,5.6045559001
404,5.6167194001
405,5.6288829001
406,5.6410464001
407,5.6532099001
408,5.6653734001
409,5.6775369001
410,5.6897004001
411,5.7018639001
412,5.7140274001
413,5.7261909001
414,5.7383544001
415,5.7505179001
416,5.7626814001
417,5.7748449001
418,5.7870084001
419,5.7991719001
420,5.8113354001
421,5.8234989001
422,5.8356624001
423,5.8478259001
424,5.8599894001
425,5.8721529001
426,5.8843164001
427,5.8964799001
428,5.9086434001
429,5.9208069001
430,5.9329704001
431,5.9451339001
432,5.9572974001
433,5.9694609001
434,5.9816244001
435,5.9937879001
436,6.0059514001
437,6.0181149001
438,6.0302784001
439,6.0424419001
440,6.0546054001
441,6.0667689001
442,6.0789324001
443,6.0910959001
444,6.1032594001
445,6.1154229001
446,6.1275864001
447,6.1397499001
448,6.1519134001
449,6.1640769001
450,6.1762404001
451,6.1884039001
452,6.2005674001
453,6.2127309001
454,6.2248944001
455,6.2370579001
456,6.2492214001
457,6.2613849001
458,6.2735484001
459,6.2857119001
460,6.2978754001
461,6.3100389001
462,6.3222024001
463,6.3343659001
464,6.3465294001
465,6.3586929001
466,6.3708564001
467,6.3830199001
468,6.3951834001
469,6.4073469001
470,6.4195104001
471,6.4316739001
472,6.4438374001
473,6.4560009001
474,6.4681644001
475,6.4803279001
476,6.4924914001
477,6.5046549001
478,6.5168184001
479,6.5289819001
480,6.5411454001
481,6.5533089001
482,6.5654724001
483,6.5776359001
484,6.5897994001
485,6.6019629001
486,6.6141264001
487,6.6262899001
488,6.6384534001
489,6.6506169001
490,6.6627804001
491,6.6749439001
492,6.6871074001
493,6.6992709001
494,6.7114344001
495,6.7235979001
496,6.7357614001
497,6.7479249001
498,6.7600884001
499,6.7722519001
500,6.7844154001
501,6.7965789001
502,6.8087424001
503,6.8209059001
504,6.8330694001
505,6.8452329001
506,6.8573964001
507,6.8695599001
508,6.8817234001
509,6.8938869001
510,6.9060504001
511,6.9182139001
512,6.9303774001
513,6.9425409001
514,6.9547044001
515,6.9668679001
516,6.9790314001
517,6.9911949001
518,7.0033584001
519,7.0155219001
520,7.0276854001
521,7.0398489001
522,7.0520124001
523,7.0641759001
524,7.0763394001
525,7.0885029001
526,7.1006664001
527,7.1128299001
528,7.1249934001
529,7.1371569001
530,7.1493204001
531,7.1614839001
532,7.1736474001
533,7.1858109001
534,7.1979744001
535,7.2101379001
536,7.2223014001
537,7.2344649001
538,7.2466284001
539,7.2587919001
540,7.2709554001
541,7.2831189001
542,7.2952824001
543,7.3074459001
544,7.3196094001
545,7.3317729001
546,7.3439364001
547,7.3560999001
548,7.3682634001
549,7.3804269001
550,7.3925904001
551,7.4047539001
552,7.4169174001
553,7.4290809001
554,7.4412444001
555,7.4534079001
556,7.4655714001
557,7.4777349001
558,7.4898984001
559,7.5020619001
560,7.5142254001
561,7.5263889001
562,7.5385524001
563,7.5507159001
564,7.5628794001
565,7.5750429001
566,7.5872064001
567,7.5993699001
568,7.6115334001
569,7.6236969001
570,7.6358604001
571,7.6480239001
572,7.6601874001
573,7.6723509001
574,7.6845144001
575,7.6966779001
576,7.7088414001
577,7.7210049001
578,7.7331684001
579,7.7453319001
580,7.7574954001
581,7.7696589001
582,7.7818224001
583,7.7939859001
584,7.8061494001
585,7.8183129001
586,7.8304764001
587,7.8426399001
588,7.8548034001
589,7.8669669001
590,7.8791304001
591,7.8912939001
592,7.9034574001
593,7.9156209001
594,7.9277844001
595,7.9399479001
596,7.9521114001
597,7.9642749001
598,7.9764384001
599,7.9886019001
600,8.0007654001
601,8.0129289001
602,8.0250924001
603,8.0372559001
604,8.0494194001
605,8.0615829001
606,8.0737464001
607,8.0859099001
608,8.0980734001
609,8.1102369001
610,8.1224004001
611,8.1345639001
612,8.1467274001
613,8.1588909001
614,8.1710544001
615,8.1832179001
616,8.1953814001
617,8.2075449001
618,8.2197084001
619,8.2318719001
620,8.2440354001
621,8.2561989001
622,8.2683624001
623,8.2805259001
624,8.2926894001
625,8.3048529001
626,8.3170164001
627,8.3291799001
628,8.3413434001
629,8.3535069001
630,8.3656704001
631,8.3778339001
632,8.3899974001
633,8.4021609001
634,8.4143244001
635,8.4264879001
636,8.4386514001
637,8.4508149001
638,8.4629784001
639,8.4751419001
640,8.4873054001
641,8.4994689001
642,8.5116324001
643,8.5237959001
644,8.5359594001
645,8.5481229001
646,8.5602864001
647,8.5724499001
648,8.5846134001
649,8.5967769001
650,8.6089404001
651,8.6211039001
652,8.6332674001
653,8.6454309001
654,8.6575944001
655,8.6697579001
656,8.6819214001
657,8.6940849001
658,8.7062484001
659,8.7184119001
660,8.7305754001
661,8.7427389001
662,8.7549024001
663,8.7670659001
664,8.7792294001
665,8.7913929001
666,8.8035564001
667,8.8157199001
668,8.8278834001
669,8.8400469001
670,8.8522104001
671,8.8643739001
672,8.8765374001
673,8.8887009001
674,8.9008644001
675,8.9130279001
676,8.9251914001
677,8.9373549001
678,8.9495184001
679,8.9616819001
680,8.9738454001
681,8.9860089001
682,8.9981724001
683,9.0103359001
684,9.0224994001
685,9.0346629001
686,9.0468264001
687,9.0589899001
688,9.0711534001
689,9.0833169001
690,9.0954804001
691,9.1076439001
692,9.1198074001
693,9.1319709001
694,9.1441344001
695,9.1562979001
696,9.1684614001
697,9.1806249001
698,9.1927884001
699,9.2049519001
700,9.2171154001
701,9.2292789001
702,9.2414424001
703,9.2536059001
704,9.2657694001
705,9.2779329001
706,9.2900964001
707,9.3022599001
708,9.3144234001
709,9.3265869001
710,9.3387504001
711,9.3509139001
712,9.3630774001
713,9.3752409001
714,9.3874044001
715,9.3995679001
716,9.4117314001
717,9.4238949001
718,9.4360584001
719,9.4482219001
720,9.4603854001
721,9.4725489001
722,9.4847124001
723,9.4968759001
724,9.5090394001
725,9.5212029001
726,9.5333664001
727,9.5455299001
728,9.5576934001
729,9.5698569001
730,9.5820204001
731,9.5941839001
732,9.6063474001
733,9.6185109001
734,9.6306744001
735,9.6428379001
736,9.6550014001
737,9.6671649001
738,9.6793284001
739,9.6914919001
740,9.7036554001
741,9.7158189001
742,9.7279824001
743,9.7401459001
744,9.7523094001
745,9.7644729001
746,9.7766364001
747,9.7887999001
748,9.8009634001
749,9.8131269001
750,9.8252904001
751,9.8374539001
752,9.8496174001
753,9.8617809001
754,9.8739444001
755,9.8861079001
756,9.8982714001
757,9.9104349001
758,9.9225984001
759,9.9347619001
760,9.9469254001
761,9.9590889001
762,9.9712524001
763,9.9834159001
764,9.9955794001
765,10.0077429001
766,10.0199064001
767,10.0320699001
768,10.0442334001
769,10.0563969001
770,10.0685604001
771,10.0807239001
772,10.0928874001
773,10.1050509001
774,10.1172144001
775,10.1293779001
776,10.1415414001
777,10.1537049001
778,10.1658684001
779,10.1780319001
780,10.1901954001
781,10.2023589001
782,10.2145224001
783,10.2266859001
784,10.2388494001
785,10.2510129001
786,10.2631764001
787,10.2753399001
788,10.2875034001
789,10.2996669001
790,10.3118304001
791,10.3239939001
792,10.3361574001
793,10.3483209001
794,10.3604844001
795,10.3726479001
796,10.3848114001
797,10.3969749001
798,10.4091384001
799,10.4213019001
800,10.4334654001
801,10.4456289001
802,10.4577924001
803,10.4699559001
804,10.4821194001
805,10.4942829001
806,10.5064464001
807,10.5186099001
808,10.5307734001
809,10.5429369001
810,10.5551004001
811,10.5672639001
812,10.5794274001
813,10.5915909001
814,10.6037544001
815,10.6159179001
816,10.6280814001
817,10.6402449001
818,10.6524084001
819,10.6645719001
820,10.6767354001
821,10.6888989001
822,10.7010624001
823,10.7132259001
824,10.7253894001
825,10.7375529001
826,10.7497164001
827,10.7618799001
828,10.7740434001
829,10.7862069001
830,10.7983704001
831,10.8105339001
832,10.8226974001
833,10.8348609001
834,10.8470244001
835,10.8591879001
836,10.8713514001
837,10.8835149001
838,10.8956784001
839,10.9078419001
840,10.9200054001
841,10.9321689001
842,10.9443324001
843,10.9564959001
844,10.9686594001
845,10.9808229001
846,10.9929864001
847,11.0051499001
848,11.0173134001
849,11.0294769001
850,11.0416404001
851,11.0538039001
852,11.0659674001
853,11.0781309001
854,11.0902944001
855,11.1024579001
856,11.1146214001
857,11.1267849001
858,11.1389484001
859,11.1511119001
860,11.1632754001
861,11.1754389001
862,11.1876024001
863,11.1997659001
864,11.2119294001
865,11.2240929001
866,11.2362564001
867,11.2484199001
868,11.2605834001
869,11.2727469001
870,11.2849104001
871,11.2970739001
872,11.3092374001
873,11.3214009001
874,11.3335644001
875,11.3457279001
876,11.3578914001
877,11.3700549001
878,11.3822184001
879,11.3943819001
880,11.4065454001
881,11.4187089001
882,11.4308724001
883,11.4430359001
884,11.4551994001
885,11.4673629001
886,11.4795264001
887,11.4916899001
888,11.5038534001
889,11.5160169001
890,11.5281804001
891,11.5403439001
892,11.5525074001
893,11.5646709001
894,11.5768344001
895,11.5889979001
896,11.6011614001
897,11.6133249001
898,11.6254884001
899,11.6376519001
900,11.6498154001
901,11.6619789001
902,11.6741424001
903,11.6863059001
904,11.6984694001
905,11.7106329001
906,11.7227964001
907,11.7349599001
908,11.7471234001
909,11.7592869001
910,11.7714504001
911,11.7836139001
912,11.7957774001
913,11.8079409001
914,11.8201044001
915,11.8322679001
916,11.8444314001
917,11.8565949001
918,11.8687584001
919,11.8809219001
920,11.8930854001
921,11.9052489001
922,11.9174124001
923,11.9295759000
924,11.9417394000
925,11.9539029000
926,11.9660664000
927,11.9782299000
928,11.9903934000
929,12.0025569000
930,12.0147204000
931,12.0268839000
932,12.0390474000
933,12.0512109000
934,12.0633744000
935,12.0755379000
936,12.0877014000
937,12.0998649000
938,12.1120284000
939,12.1241919000
940,12.1363554000
941,12.1485189000
942,12.1606824000
943,12.1728459000
944,12.1850094000
945,12.1971729000
946,12.2093364000
947,12.2214999000
948,12.2336634000
949,12.2458269000
950,12.2579904000
951,12.2701539000
952,12.2823174000
953,12.2944809000
954,12.3066444000
955,12.3188079000
956,12.3309714000
957,12.3431349000
958,12.3552984000
959,12.3674619000
960,12.3796254000
961,12.3917889000
962,12.4039524000
963,12.4161159000
964,12.4282794000
965,12.4404429000
966,12.4526064000
967,12.4647699000
968,12.4769334000
969,12.4890969000
970,12.5012604000
971,12.5134239000
972,12.5255874000
973,12.5377509000
974,12.5499144000
975,12.5620779000
976,12.5742414000
977,12.5864049000
978,12.5985684000
979,12.6107319000
980,12.6228954000
981,12.6350589000
982,12.6472224000
983,12.6593859000
984,12.6715494000
985,12.6837129000
986,12.6958764000
987,12.7080399000
988,12.7202034000
989,12.7323669000
990,12.7445304000
991,12.7566939000
992,12.7688574000
993,12.7810209000
994,12.7931844000
995,12.8053479000
996,12.8175114000
997,12.8296749000
998,12.8418384000
999,12.8540019000
1000,12.8661654000
1001,12.8783289000
1002,12.8904924000
1003,12.9026559000
1004,12.9148194000
1005,12.9269829000
1006,12.9391464000
1007,12.9513099000
1008,12.9634734000
1009,12.9756369000
1010,12.9878004000
1011,12.9999639000
1012,13.0121274000
1013,13.0242909000
1014,13.0364544000
1015,13.0486179000
1016,13.0607814000
1017,13.0729449000
1018,13.0851084000
1019,13.0972719000
1020,13.1094354000
1021,13.1215989000
1022,13.1337624000
1023,13.1459259000
1024,13.1580894000
1025,13.1702529000
1026,13.1824164000
1027,13.1945799000
1028,13.2067434000
1029,13.2189069000
1030,13.2310704000
1031,13.2432339000
1032,13.2553974000
1033,13.2675609000
1034,13.2797244000
1035,13.2918879000
1036,13.3040514000
1037,13.3162149000
1038,13.3283784000
1039,13.3405419000
1040,13.3527054000
1041,13.3648689000
1042,13.3770324000
1043,13.3891959000
1044,13.4013594000
1045,13.4135229000
1046,13.4256864000
1047,13.4378499000
1048,13.4500134000
1049,13.4621769000
1050,13.4743404000
1051,13.4865039000
1052,13.4986674000
1053,13.5108309000
1054,13.5229944000
1055,13.5351579000
1056,13.5473214000
1057,13.5594849000
1058,13.5716484000
1059,13.5838119000
1060,13.5959754000
1061,13.6081389000
1062,13.6203024000
1063,13.6324659000
1064,13.6446294000
1065,13.6567929000
1066,13.6689564000
1067,13.6811199000
1068,13.6932834000
1069,13.7054469000
1070,13.7176104000
1071,13.7297739000
1072,13.7419374000
1073,13.7541009000
1074,13.7662644000
1075,13.7784279000
1076,13.7905914000
1077,13.8027549000
1078,13.8149184000
1079,13.8270819000
1080,13.8392454000
1081,13.8514089000
1082,13.8635724000
1083,13.8757359000
1084,13.8878994000
1085,13.9000629000
1086,13.9122264000
1087,13.9243899000
1088,13.9365534000
1089,13.9487169000
1090,13.9608804000
1091,13.9730439000
1092,13.9852074000
1093,13.9973709000
1094,14.0095344000
1095,14.0216979000
1096,14.0338614000
1097,14.0460249000
1098,14.0581884000
1099,14.0703519000
1100,14.0825154000
1101,14.0946789000
1102,14.1068424000
1103,14.1190059000
1104,14.1311694000
1105,14.1433329000
1106,14.1554964000
1107,14.1676599000
1108,14.1798234000
1109,14.1919869000
1110,14.2041504000
1111,14.2163139000
1112,14.2284774000
1113,14.2406409000
1114,14.2528044000
1115,14.2649679000
1116,14.2771314000
1117,14.2892949000
1118,14.3014584000
1119,14.3136219000
1120,14.3257854000
1121,14.3379489000
1122,14.3501124000
1123,14.3622759000
1124,14.3744394000
1125,14.3866029000
1126,14.3987664000
1127,14.4109299000
1128,14.4230934000
1129,14.4352569000
1130,14.4474204000
1131,14.4595839000
1132,14.4717474000
1133,14.4839109000
1134,14.4960744000
1135,14.5082379000
1136,14.5204014000
1137,14.5325649000
1138,14.5447284000
1139,14.5568919000
1140,14.5690554000
1141,14.5812189000
1142,14.5933824000
1143,14.6055459000
1144,14.6177094000
1145,14.6298729000
1146,14.6420364000
1147,14.6541999000
1148,14.6663634000
1149,14.6785269000
1150,14.6906904000
1151,14.7028539000
1152,14.7150174000
1153,14.7271809000
1154,14.7393444000
1155,14.7515079000
1156,14.7636714000
1157,14.7758349000
1158,14.7879984000
1159,14.8001619000
1160,14.8123254000
1161,14.8244889000
1162,14.8366524000
1163,14.8488159000
1164,14.8609794000
1165,14.8731429000
1166,14.8853064000
1167,14.8974699000
1168,14.9096334000
1169,14.9217969000
1170,14.9339604000
1171,14.9461239000
1172,14.9582874000
1173,14.9704509000
1174,14.9826144000
1175,14.9947779000
1176,15.0069414000
1177,15.0191049000
1178,15.0312684000
1179,15.0434319000
1180,15.0555954000
1181,15.0677589000
1182,15.0799224000
1183,15.0920859000
1184,15.1042494000
1185,15.1164129000
1186,15.1285764000
1187,15.1407399000
1188,15.1529034000
1189,15.1650669000
1190,15.1772304000
1191,15.1893939000
1192,15.2015574000
1193,15.2137209000
1194,15.2258844000
1195,15.2380479000
1196,15.2502114000
1197,15.2623749000
1198,15.2745384000
1199,15.2867019000
1200,15.2988654000
1201,15.3110289000
1202,15.3231924000
1203,15.3353559000
1204,15.3475194000
1205,15.3596829000
1206,15.3718464000
1207,15.3840099000
1208,15.3961734000
1209,15.4083369000
1210,15.4205004000
1211,15.4326639000
1212,15.4448274000
1213,15.4569909000
1214,15.4691544000
1215,15.4813179000
1216,15.4934814000
1217,15.5056449000
1218,15.5178084000
1219,15.5299719000
1220,15.5421354000
1221,15.5542989000
1222,15.5664624000
1223,15.5786259000
1224,15.5907894000
1225,15.6029529000
1226,15.6151164000
1227,15.6272799000
1228,15.6394434000
1229,15.6516069000
1230,15.6637704000
1231,15.6759339000
1232,15.6880974000
1233,15.7002609000
1234,15.7124244000
1235,15.7245879000
1236,15.7367514000
1237,15.7489149000
1238,15.7610784000
1239,15.7732419000
1240,15.7854054000
1241,15.7975689000
1242,15.8097324000
1243,15.8218959000
1244,15.8340594000
1245,15.8462229000
1246,15.8583864000
1247,15.8705499000
1248,15.8827134000
1249,15.8948769000
1250,15.9070404000
1251,15.9192039000
1252,15.9313674000
1253,15.9435309000
1254,15.9556944000
1255,15.9678578999
1256,15.9800213999
1257,15.9921848999
1258,16.0043483999
1259,16.0165118999
1260,16.0286753999
1261,16.0408388999
1262,16.0530023999
1263,16.0651658999
1264,16.0773293999
1265,16.0894928999
1266,16.1016563999
1267,16.1138198999
1268,16.1259833999
1269,16.1381468999
1270,16.1503103999
1271,16.1624738999
1272,16.1746373999
1273,16.1868008999
1274,16.1989643999
1275,16.2111278999
1276,16.2232913999
1277,16.2354548999
1278,16.2476183999
1279,16.2597818999
1280,16.2719453999
1281,16.2841088999
1282,16.2962723999
1283,16.3084358999
1284,16.3205993999
1285,16.3327628999
1286,16.3449263999
1287,16.3570898999
1288,16.3692533999
1289,16.3814168999
1290,16.3935803999
1291,16.4057438999
1292,16.4179073999
1293,16.4300708999
1294,16.4422343999
1295,16.4543978999
1296,16.4665613999
1297,16.4787248999
1298,16.4908883999
1299,16.5030518999
1300,16.5152153999
1301,16.5273788999
1302,16.5395423999
1303,16.5517058999
1304,16.5638693999
1305,16.5760328999
1306,16.5881963999
1307,16.6003598999
1308,16.6125233999
1309,16.6246868999
1310,16.6368503999
1311,16.6490138999
1312,16.6611773999
1313,16.6733408999
1314,16.6855043999
1315,16.6976679000
1316,16.7098314000
1317,16.7219949000
1318,16.7341584000
1319,16.7463219000
1320,16.7584854000
1321,16.7706489000
1322,16.7828124000
1323,16.7949759000
1324,16.8071394000
1325,16.8193029000
1326,16.8314664000
1327,16.8436299000
1328,16.8557934000
1329,16.8679569000
1330,16.8801204000
1331,16.8922839000
1332,16.9044474000
1333,16.9166109000
1334,16.9287744000
1335,16.9409379000
1336,16.9531014000
1337,16.9652649000
1338,16.9774284000
1339,16.9895919000
1340,17.0017554000
1341,17.0139189000
1342,17.0260824000
1343,17.0382459000
1344,17.0504094000
1345,17.0625729000
1346,17.0747364000
1347,17.0868999000
1348,17.0990634000
1349,17.1112269000
1350,17.1233904000
1351,17.1355539000
1352,17.1477174000
1353,17.1598809000
1354,17.1720444000
1355,17.1842079000
1356,17.1963714000
1357,17.2085349000
1358,17.2206984000
1359,17.2328619000
1360,17.2450254000
1361,17.2571889000
1362,17.2693524000
1363,17.2815159000
1364,17.2936794000
1365,17.3058429000
1366,17.3180064000
1367,17.3301699000
1368,17.3423334000
1369,17.3544969000
1370,17.3666604000
1371,17.3788239000
1372,17.3909874000
1373,17.4031509000
1374,17.4153144000
1375,17.4274779000
1376,17.4396414000
1377,17.4518049000
1378,17.4639684000
1379,17.4761319000
1380,17.4882954000
1381,17.5004589000
1382,17.5126224000
1383,17.5247859000
1384,17.5369494000
1385,17.5491129000
1386,17.5612764000
1387,17.5734399000
1388,17.5856034000
1389,17.5977669000
1390,17.6099304000
1391,17.6220939000
1392,17.6342574000
1393,17.6464209000
1394,17.6585844000
1395,17.6707479000
1396,17.6829114000
1397,17.6950749000
1398,17.7072384000
1399,17.7194019000
1400,17.7315654000
1401,17.7437289000
1402,17.7558924000
1403,17.7680559000
1404,17.7802194000
1405,17.7923829000
1406,17.8045464000
1407,17.8167099000
1408,17.8288734000
1409,17.8410369000
1410,17.8532004000
1411,17.8653639000
1412,17.8775274000
1413,17.8896909000
1414,17.9018544000
1415,17.9140179000
1416,17.9261814000
1417,17.9383449000
1418,17.9505084000
1419,17.9626719000
1420,17.9748354000
1421,17.9869989000
1422,17.9991624000
1423,18.0113259000
1424,18.0234894000
1425,18.0356529000
1426,18.0478164000
1427,18.0599799000
1428,18.0721434000
1429,18.0843069000
1430,18.0964704000
1431,18.1086339000
1432,18.1207974000
1433,18.1329609000
1434,18.1451244000
1435,18.1572879000
1436,18.1694514000
1437,18.1816149000
1438,18.1937784000
1439,18.2059419000
1440,18.2181054000
1441,18.2302689000
1442,18.2424324000
1443,18.2545959000
1444,18.2667594000
1445,18.2789229000
1446,18.2910864000
1447,18.3032499000
1448,18.3154134000
1449,18.3275769000
1450,18.3397404000
1451,18.3519039000
1452,18.3640674000
1453,18.3762309000
1454,18.3883944000
1455,18.4005579000
1456,18.4127214000
1457,18.4248849000
1458,18.4370484000
1459,18.4492119000
1460,18.4613754000
1461,18.4735389000
1462,18.4857024000
1463,18.4978659000
1464,18.5100294000
1465,18.5221929000
1466,18.5343564000
1467,18.5465199000
1468,18.5586834000
1469,18.5708469000
1470,18.5830104000
1471,18.5951739000
1472,18.6073374000
1473,18.6195009000
1474,18.6316644000
1475,18.6438279000
1476,18.6559914000
1477,18.6681549000
1478,18.6803184000
1479,18.6924819000
1480,18.7046454000
1481,18.7168089000
1482,18.7289724000
1483,18.7411359000
1484,18.7532994000
1485,18.7654629000
1486,18.7776264000
1487,18.7897899000
1488,18.8019534000
1489,18.8141169000
1490,18.8262804000
1491,18.8384439000
1492,18.8506074000
1493,18.8627709000
1494,18.8749344000
1495,18.8870979000
1496,18.8992614000
1497,18.9114249000
1498,18.9235884000
1499,18.9357519001
1500,18.9479154001
1501,18.9600789001
1502,18.9722424001
1503,18.9844059001
1504,18.9965694001
1505,19.0087329001
1506,19.0208964001
1507,19.0330599001
1508,19.0452234001
1509,19.0573869001
1510,19.0695504001
1511,19.0817139001
1512,19.0938774001
1513,19.1060409001
1514,19.1182044001
1515,19.1303679001
1516,19.1425314001
1517,19.1546949001
1518,19.1668584001
1519,19.1790219001
1520,19.1911854001
1521,19.2033489001
1522,19.2155124001
1523,19.2276759001
1524,19.2398394001
1525,19.2520029001
1526,19.2641664001
1527,19.2763299001
1528,19.2884934001
1529,19.3006569001
1530,19.3128204001
1531,19.3249839001
1532,19.3371474001
1533,19.3493109001
1534,19.3614744001
1535,19.3736379001
1536,19.3858014001
1537,19.3979649001
1538,19.4101284001
1539,19.4222919001
1540,19.4344554001
1541,19.4466189001
1542,19.4587824001
1543,19.4709459001
1544,19.4831094001
1545,19.4952729001
1546,19.5074364001
1547,19.5195999001
1548,19.5317634001
1549,19.5439269001
1550,19.5560904001
1551,19.5682539001
1552,19.5804174001
1553,19.5925809001
1554,19.6047444001
1555,19.6169079001
1556,19.6290714001
1557,19.6412349001
1558,19.6533984001
1559,19.6655619001
1560,19.6777254001
1561,19.6898889001
1562,19.7020524001
1563,19.7142159001
1564,19.7263794001
1565,19.7385429001
1566,19.7507064001
1567,19.7628699001
1568,19.7750334001
1569,19.7871969001
1570,19.7993604001
1571,19.8115239001
1572,19.8236874001
1573,19.8358509001
1574,19.8480144001
1575,19.8601779001
1576,19.8723414001
1577,19.8845049001
1578,19.8966684001
1579,19.9088319001
1580,19.9209954001
1581,19.9331589001
1582,19.9453224001
1583,19.9574859001
1584,19.9696494001
1585,19.9818129001
1586,19.9939764001
1587,20.0061399001
1588,20.0183034001
1589,20.0304669001
1590,20.0426304001
1591,20.0547939001
1592,20.0669574001
1593,20.0791209001
1594,20.0912844001
1595,20.1034479001
1596,20.1156114001
1597,20.1277749001
1598,20.1399384001
1599,20.1521019001
1600,20.1642654001
1601,20.1764289001
1602,20.1885924001
1603,20.2007559001
1604,20.2129194001
1605,20.2250829001
1606,20.2372464001
1607,20.2494099001
1608,20.2615734001
1609,20.2737369001
1610,20.2859004001
1611,20.2980639001
1612,20.3102274001
1613,20.3223909001
1614,20.3345544001
1615,20.3467179001
1616,20.3588814001
1617,20.3710449001
1618,20.3832084001
1619,20.3953719001
1620,20.4075354001
1621,20.4196989001
1622,20.4318624001
1623,20.4440259001
1624,20.4561894001
1625,20.4683529001
1626,20.4805164001
1627,20.4926799001
1628,20.5048434001
1629,20.5170069001
1630,20.5291704001
1631,20.5413339001
1632,20.5534974001
1633,20.5656609001
1634,20.5778244001
1635,20.5899879001
1636,20.6021514001
1637,20.6143149001
1638,20.6264784001
1639,20.6386419001
1640,20.6508054001
1641,20.6629689001
1642,20.6751324001
1643,20.6872959001
1644,20.6994594001
1645,20.7116229001
1646,20.7237864001
1647,20.7359499001
1648,20.7481134001
1649,20.7602769001
1650,20.7724404001
1651,20.7846039001
1652,20.7967674001
1653,20.8089309001
1654,20.8210944001
1655,20.8332579001
1656,20.8454214001
1657,20.8575849001
1658,20.8697484001
1659,20.8819119001
1660,20.8940754001
1661,20.9062389001
1662,20.9184024001
1663,20.9305659001
1664,20.9427294001
1665,20.9548929001
1666,20.9670564001
1667,20.9792199001
1668,20.9913834001
1669,21.0035469001
1670,21.0157104001
1671,21.0278739001
1672,21.0400374001
1673,21.0522009001
1674,21.0643644001
1675,21.0765279001
1676,21.0886914001
1677,21.1008549001
1678,21.1130184001
1679,21.1251819001
1680,21.1373454001
1681,21.1495089001
1682,21.1616724001
1683,21.1738359001
1684,21.1859994001
1685,21.1981629001
1686,21.2103264001
1687,21.2224899001
1688,21.2346534001
1689,21.2468169001
1690,21.2589804001
1691,21.2711439001
1692,21.2833074001
1693,21.2954709001
1694,21.3076344001
1695,21.3197979001
1696,21.3319614001
1697,21.3441249001
1698,21.3562884001
1699,21.3684519001
1700,21.3806154001
1701,21.3927789001
1702,21.4049424001
1703,21.4171059001
1704,21.4292694001
1705,21.4414329001
1706,21.4535964001
1707,21.4657599002
1708,21.4779234002
1709,21.4900869002
1710,21.5022504002
1711,21.5144139002
1712,21.5265774002
1713,21.5387409002
1714,21.5509044002
1715,21.5630679002
1716,21.5752314002
1717,21.5873949002
1718,21.5995584002
1719,21.6117219002
1720,21.6238854002
1721,21.6360489002
1722,21.6482124002
1723,21.6603759002
1724,21.6725394002
1725,21.6847029002
1726,21.6968664002
1727,21.7090299002
1728,21.7211934002
1729,21.7333569002
1730,21.7455204002
1731,21.7576839002
1732,21.7698474002
1733,21.7820109002
1734,21.7941744002
1735,21.8063379002
1736,21.8185014002
1737,21.8306649002
1738,21.8428284002
1739,21.8549919002
1740,21.8671554002
1741,21.8793189002
1742,21.8914824002
1743,21.9036459002
1744,21.9158094002
1745,21.9279729002
1746,21.9401364002
1747,21.9522999002
1748,21.9644634002
1749,21.9766269002
1750,21.9887904002
1751,22.0009539002
1752,22.0131174002
1753,22.0252809002
1754,22.0374444002
1755,22.0496079002
1756,22.0617714002
1757,22.0739349002
1758,22.0860984002
1759,22.0982619002
1760,22.1104254002
1761,22.1225889002
1762,22.1347524002
1763,22.1469159002
1764,22.1590794002
1765,22.1712429002
1766,22.1834064002
1767,22.1955699002
1768,22.2077334002
1769,22.2198969002
1770,22.2320604002
1771,22.2442239002
1772,22.2563874002
1773,22.2685509002
1774,22.2807144002
1775,22.2928779002
1776,22.3050414002
1777,22.3172049002
1778,22.3293684002
1779,22.3415319002
1780,22.3536954002
1781,22.3658589002
1782,22.3780224002
1783,22.3901859002
1784,22.4023494002
1785,22.4145129002
1786,22.4266764002
1787,22.4388399002
1788,22.4510034002
1789,22.4631669002
1790,22.4753304002
1791,22.4874939002
1792,22.4996574002
1793,22.5118209002
1794,22.5239844002
1795,22.5361479002
1796,22.5483114002
1797,22.5604749002
1798,22.5726384002
1799,22.5848019002
1800,22.5969654002
1801,22.6091289002
1802,22.6212924002
1803,22.6334559002
1804,22.6456194002
1805,22.6577829002
1806,22.6699464002
1807,22.6821099002
1808,22.6942734002
1809,22.7064369002
1810,22.7186004002
1811,22.7307639002
1812,22.7429274002
1813,22.7550909002
1814,22.7672544002
1815,22.7794179002
1816,22.7915814002
1817,22.8037449002
1818,22.8159084002
1819,22.8280719002
1820,22.8402354002
1821,22.8523989002
1822,22.8645624002
1823,22.8767259002
1824,22.8888894002
1825,22.9010529002
1826,22.9132164002
1827,22.9253799002
1828,22.9375434002
1829,22.9497069002
1830,22.9618704002
1831,22.9740339002
1832,22.9861974002
1833,22.9983609002
1834,23.0105244002
1835,23.0226879002
1836,23.0348514002
1837,23.0470149002
1838,23.0591784002
1839,23.0713419002
1840,23.0835054002
1841,23.0956689002
1842,23.1078324002
1843,23.1199959002
1844,23.1321594002
1845,23.1443229002
1846,23.1564864002
1847,23.1686499002
1848,23.1808134002
1849,23.1929769002
1850,23.2051404002
1851,23.2173039002
1852,23.2294674002
1853,23.2416309002
1854,23.2537944002
1855,23.2659579002
1856,23.2781214002
1857,23.2902849002
1858,23.3024484002
1859,23.3146119002
1860,23.3267754002
1861,23.3389389002
1862,23.3511024002
1863,23.3632659002
1864,23.3754294002
1865,23.3875929002
1866,23.3997564002
1867,23.4119199002
1868,23.4240834002
1869,23.4362469002
1870,23.4484104002
1871,23.4605739002
1872,23.4727374002
1873,23.4849009002
1874,23.4970644002
1875,23.5092279002
1876,23.5213914002
1877,23.5335549002
1878,23.5457184002
1879,23.5578819002
1880,23.5700454002
1881,23.5822089002
1882,23.5943724002
1883,23.6065359002
1884,23.6186994002
1885,23.6308629002
1886,23.6430264002
1887,23.6551899002
1888,23.6673534002
1889,23.6795169002
1890,23.6916804002
1891,23.7038439002
1892,23.7160074002
1893,23.7281709002
1894,23.7403344002
1895,23.7524979002
1896,23.7646614002
1897,23.7768249002
1898,23.7889884002
1899,23.8011519002
1900,23.8133154002
1901,23.8254789002
1902,23.8376424002
1903,23.8498059002
1904,23.8619694002
1905,23.8741329002
1906,23.8862964002
1907,23.8984599002
1908,23.9106234002
1909,23.9227869002
1910,23.9349504002
1911,23.9471139002
1912,23.9592774003
1913,23.9714409003
1914,23.9836044003
1915,23.9957679003
1916,24.0079314003
1917,24.0200949003
1918,24.0322584003
1919,24.0444219003
1920,24.0565854003
1921,24.0687489003
1922,24.0809124003
1923,24.0930759003
1924,24.1052394003
1925,24.1174029003
1926,24.1295664003
1927,24.1417299003
1928,24.1538934003
1929,24.1660569003
1930,24.1782204003
1931,24.1903839003
1932,24.2025474003
1933,24.2147109003
1934,24.2268744003
1935,24.2390379003
1936,24.2512014003
1937,24.2633649003
1938,24.2755284003
1939,24.2876919003
1940,24.2998554003
1941,24.3120189003
1942,24.3241824003
1943,24.3363459003
1944,24.3485094003
1945,24.3606729003
1946,24.3728364003
1947,24.3849999003
1948,24.3971634003
1949,24.4093269003
1950,24.4214904003
1951,24.4336539003
1952,24.4458174003
1953,24.4579809003
1954,24.4701444003
1955,24.4823079003
1956,24.4944714003
1957,24.5066349003
1958,24.5187984003
1959,24.5309619003
1960,24.5431254003
1961,24.5552889003
1962,24.5674524003
1963,24.5796159003
1964,24.5917794003
1965,24.6039429003
1966,24.6161064003
1967,24.6282699003
1968,24.6404334003
1969,24.6525969003
1970,24.6647604003
1971,24.6769239003
1972,24.6890874003
1973,24.7012509003
1974,24.7134144003
1975,24.7255779003
1976,24.7377414003
1977,24.7499049003
1978,24.7620684003
1979,24.7742319003
1980,24.7863954003
1981,24.7985589003
1982,24.8107224003
1983,24.8228859003
1984,24.8350494003
1985,24.8472129003
1986,24.8593764003
1987,24.8715399003
1988,24.8837034003
1989,24.8958669003
1990,24.9080304003
1991,24.9201939003
1992,24.9323574003
1993,24.9445209003
1994,24.9566844003
1995,24.9688479003
1996,24.9810114003
1997,24.9931749003
1998,25.0053384003
1999,25.0175019003
2000,25.0296654003
2001,25.0418289003
2002,25.0539924003
2003,25.0661559003
2004,25.0783194003
2005,25.0904829003
2006,25.1026464003
2007,25.1148099003
2008,25.1269734003
2009,25.1391369003
2010,25.1513004003
2011,25.1634639003
2012,25.1756274003
2013,25.1877909003
2014,25.1999544003
2015,25.2121179003
2016,25.2242814003
2017,25.2364449003
2018,25.2486084003
2019,25.2607719003
2020,25.2729354003
2021,25.2850989003
2022,25.2972624003
2023,25.3094259003
2024,25.3215894003
2025,25.3337529003
2026,25.3459164003
2027,25.3580799003
2028,25.3702434003
2029,25.3824069003
2030,25.3945704003
2031,25.4067339003
2032,25.4188974003
2033,25.4310609003
2034,25.4432244003
2035,25.4553879003
2036,25.4675514003
2037,25.4797149003
2038,25.4918784003
2039,25.5040419003
2040,25.5162054003
2041,25.5283689003
2042,25.5405324003
2043,25.5526959003
2044,25.5648594003
2045,25.5770229003
2046,25.5891864003
2047,25.6013499003
2048,25.6135134003
2049,25.6256769003
2050,25.6378404003
2051,25.6500039003
2052,25.6621674003
2053,25.6743309003
2054,25.6864944003
2055,25.6986579003
2056,25.7108214003
2057,25.7229849003
2058,25.7351484003
2059,25.7473119003
2060,25.7594754003
2061,25.7716389003
2062,25.7838024003
2063,25.7959659003
2064,25.8081294003
2065,25.8202929003
2066,25.8324564003
2067,25.8446199003
2068,25.8567834003
2069,25.8689469003
2070,25.8811104003
2071,25.8932739003
2072,25.9054374003
2073,25.9176009003
2074,25.9297644003
2075,25.9419279003
2076,25.9540914003
2077,25.9662549003
2078,25.9784184003
2079,25.9905819003
2080,26.0027454003
2081,26.0149089003
2082,26.0270724003
2083,26.0392359003
2084,26.0513994003
2085,26.0635629003
2086,26.0757264003
2087,26.0878899003
2088,26.1000534003
2089,26.1122169003
2090,26.1243804003
2091,26.1365439003
2092,26.1487074003
2093,26.1608709003
2094,26.1730344003
2095,26.1851979003
2096,26.1973614003
2097,26.2095249003
2098,26.2216884003
2099,26.2338519003
2100,26.2460154003
2101,26.2581789003
2102,26.2703424003
2103,26.2825059003
2104,26.2946694003
2105,26.3068329003
2106,26.3189964003
2107,26.3311599003
2108,26.3433234003
2109,26.3554869003
2110,26.3676504003
2111,26.3798139003
2112,26.3919774003
2113,26.4041409003
2114,26.4163044003
2115,26.4284679003
2116,26.4406314003
2117,26.4527949004
2118,26.4649584004
2119,26.4771219004
2120,26.4892854004
2121,26.5014489004
2122,26.5136124004
2123,26.5257759004
2124,26.5379394004
2125,26.5501029004
2126,26.5622664004
2127,26.5744299004
2128,26.5865934004
2129,26.5987569004
2130,26.6109204004
2131,26.6230839004
2132,26.6352474004
2133,26.6474109004
2134,26.6595744004
2135,26.6717379004
2136,26.6839014004
2137,26.6960649004
2138,26.7082284004
2139,26.7203919004
2140,26.7325554004
2141,26.7447189004
2142,26.7568824004
2143,26.7690459004
2144,26.7812094004
2145,26.7933729004
2146,26.8055364004
2147,26.8176999004
2148,26.8298634004
2149,26.8420269004
2150,26.8541904004
2151,26.8663539004
2152,26.8785174004
2153,26.8906809004
2154,26.9028444004
2155,26.9150079004
2156,26.9271714004
2157,26.9393349004
2158,26.9514984004
2159,26.9636619004
2160,26.9758254004
2161,26.9879889004
2162,27.0001524004
2163,27.0123159004
2164,27.0244794004
2165,27.0366429004
2166,27.0488064004
2167,27.0609699004
2168,27.0731334004
2169,27.0852969004
2170,27.0974604004
2171,27.1096239004
2172,27.1217874004
2173,27.1339509004
2174,27.1461144004
2175,27.1582779004
2176,27.1704414004
2177,27.1826049004
2178,27.1947684004
2179,27.2069319004
2180,27.2190954004
2181,27.2312589004
2182,27.2434224004
2183,27.2555859004
2184,27.2677494004
2185,27.2799129004
2186,27.2920764004
2187,27.3042399004
2188,27.3164034004
2189,27.3285669004
2190,27.3407304004
2191,27.3528939004
2192,27.3650574004
2193,27.3772209004
2194,27.3893844004
2195,27.4015479004
2196,27.4137114004
2197,27.4258749004
2198,27.4380384004
2199,27.4502019004
2200,27.4623654004
2201,27.4745289004
2202,27.4866924004
2203,27.4988559004
2204,27.5110194004
2205,27.5231829004
2206,27.5353464004
2207,27.5475099004
2208,27.5596734004
2209,27.5718369004
2210,27.5840004004
2211,27.5961639004
2212,27.6083274004
2213,27.6204909004
2214,27.6326544004
2215,27.6448179004
2216,27.6569814004
2217,27.6691449004
2218,27.6813084004
2219,27.6934719004
2220,27.7056354004
2221,27.7177989004
2222,27.7299624004
2223,27.7421259004
2224,27.7542894004
2225,27.7664529004
2226,27.7786164004
2227,27.7907799004
2228,27.8029434004
2229,27.8151069004
2230,27.8272704004
2231,27.8394339004
2232,27.8515974004
2233,27.8637609004
2234,27.8759244004
2235,27.8880879004
2236,27.9002514004
2237,27.9124149004
2238,27.9245784004
2239,27.9367419004
2240,27.9489054004
2241,27.9610689004
2242,27.9732324004
2243,27.9853959004
2244,27.9975594004
2245,28.0097229004
2246,28.0218864004
2247,28.0340499004
2248,28.0462134004
2249,28.0583769004
2250,28.0705404004
2251,28.0827039004
2252,28.0948674004
2253,28.1070309004
2254,28.1191944004
2255,28.1313579004
2256,28.1435214004
2257,28.1556849004
2258,28.1678484004
2259,28.1800119004
2260,28.1921754004
2261,28.2043389004
2262,28.2165024004
2263,28.2286659004
2264,28.2408294004
2265,28.2529929004
2266,28.2651564004
2267,28.2773199004
2268,28.2894834004
2269,28.3016469004
2270,28.3138104004
2271,28.3259739004
2272,28.3381374004
2273,28.3503009004
2274,28.3624644004
2275,28.3746279004
2276,28.3867914004
2277,28.3989549004
2278,28.4111184004
2279,28.4232819004
2280,28.4354454004
2281,28.4476089004
2282,28.4597724004
2283,28.4719359004
2284,28.4840994004
2285,28.4962629004
2286,28.5084264004
2287,28.5205899004
2288,28.5327534004
2289,28.5449169004
2290,28.5570804004
2291,28.5692439004
2292,28.5814074004
2293,28.5935709004
2294,28.6057344004
2295,28.6178979004
2296,28.6300614004
2297,28.6422249004
2298,28.6543884004
2299,28.6665519004
2300,28.6787154004
2301,28.6908789004
2302,28.7030424004
2303,28.7152059004
2304,28.7273694004
2305,28.7395329004
2306,28.7516964004
2307,28.7638599004
2308,28.7760234004
2309,28.7881869004
2310,28.8003504004
2311,28.8125139004
2312,28.8246774004
2313,28.8368409004
2314,28.8490044004
2315,28.8611679004
2316,28.8733314004
2317,28.8854949004
2318,28.8976584004
2319,28.9098219004
2320,28.9219854004
2321,28.9341489004
2322,28.9463124005
2323,28.9584759005
2324,28.9706394005
2325,28.9828029005
2326,28.9949664005
2327,29.0071299005
2328,29.0192934005
2329,29.0314569005
2330,29.0436204005
2331,29.0557839005
2332,29.0679474005
2333,29.0801109005
2334,29.0922744005
2335,29.1044379005
2336,29.1166014005
2337,29.1287649005
2338,29.1409284005
2339,29.1530919005
2340,29.1652554005
2341,29.1774189005
2342,29.1895824005
2343,29.2017459005
2344,29.2139094005
2345,29.2260729005
2346,29.2382364005
2347,29.2503999005
2348,29.2625634005
2349,29.2747269005
2350,29.2868904005
2351,29.2990539005
2352,29.3112174005
2353,29.3233809005
2354,29.3355444005
2355,29.3477079005
2356,29.3598714005
2357,29.3720349005
2358,29.3841984005
2359,29.3963619005
2360,29.4085254005
2361,29.4206889005
2362,29.4328524005
2363,29.4450159005
2364,29.4571794005
2365,29.4693429005
2366,29.4815064005
2367,29.4936699005
2368,29.5058334005
2369,29.5179969005
2370,29.5301604005
2371,29.5423239005
2372,29.5544874005
2373,29.5666509005
2374,29.5788144005
2375,29.5909779005
2376,29.6031414005
2377,29.6153049005
2378,29.6274684005
2379,29.6396319005
2380,29.6517954005
2381,29.6639589005
2382,29.6761224005
2383,29.6882859005
2384,29.7004494005
2385,29.7126129005
2386,29.7247764005
2387,29.7369399005
2388,29.7491034005
2389,29.7612669005
2390,29.7734304005
2391,29.7855939005
2392,29.7977574005
2393,29.8099209005
2394,29.8220844005
2395,29.8342479005
2396,29.8464114005
2397,29.8585749005
2398,29.8697864105
2399,29.8758281605
