0,8.4791116201
1,8.5114805901
2,8.5437755001
3,8.5759693201
4,8.6080950201
5,8.6401266601
6,8.6721301801
7,8.7040937001
8,8.7359831601
9,8.7678115301
10,8.7995658401
11,8.8312590601
12,8.8628782201
13,8.8944162900
14,8.9258532700
15,8.9572221300
16,8.9885369300
17,9.0197576700
18,9.0508302900
19,9.0817407300
20,9.1125489900
21,9.1433161600
22,9.1740363000
23,9.2046823800
24,9.2352273700
25,9.2656842400
26,9.2960400200
27,9.3263276800
28,9.3565212800
29,9.3866267600
30,9.4165311500
31,9.4463322700
32,9.4760793300
33,9.5057323300
34,9.5353572100
35,9.5649020900
36,9.5943588500
37,9.6237345200
38,9.6530491000
39,9.6822696200
40,9.7113820200
41,9.7404463000
42,9.7694835500
43,9.7984137700
44,9.8272888400
45,9.8560768800
46,9.8847368000
47,9.9133615700
48,9.9418863400
49,9.9703159600
50,9.9986444900
51,10.0268649000
52,10.0550571900
53,10.0831894800
54,10.1112406800
55,10.1392507900
56,10.1672138700
57,10.1951028900
58,10.2229708200
59,10.2507187500
60,10.2783645000
61,10.3059291600
62,10.3334327300
63,10.3608822400
64,10.3882776900
65,10.4156390800
66,10.4429534400
67,10.4702137400
68,10.4973799800
69,10.5244381000
70,10.5513881000
71,10.5782299800
72,10.6050037400
73,10.6316634400
74,10.6582479900
75,10.6846984800
76,10.7110067900
77,10.7372599500
78,10.7634060800
79,10.7894570600
80,10.8154069500
81,10.8412287200
82,10.8669553400
83,10.8925808700
84,10.9181182800
85,10.9435746000
86,10.9689298300
87,10.9941769400
88,11.0193159300
89,11.0442668000
90,11.0690814300
91,11.0937879400
92,11.1184263300
93,11.1429906600
94,11.1674139000
95,11.1917949600
96,11.2161760200
97,11.2405370800
98,11.2648711100
99,11.2890981100
100,11.3131899600
101,11.3371866600
102,11.3611222700
103,11.3849838200
104,11.4088042800
105,11.4325577100
106,11.4561900500
107,11.4797072400
108,11.5031163100
109,11.5264372600
110,11.5496971200
111,11.5728829200
112,11.5959676300
113,11.6189842200
114,11.6419067500
115,11.6647811600
116,11.6876085400
117,11.7103618600
118,11.7330140900
119,11.7556182000
120,11.7781352800
121,11.8005842400
122,11.8229991400
123,11.8453670100
124,11.8675608200
125,11.8896583900
126,11.9117419000
127,11.9338054100
128,11.9558418900
129,11.9777713400
130,11.9996256400
131,12.0213858800
132,12.0430580000
133,12.0647090300
134,12.0863200600
135,12.1078770300
136,12.1292799400
137,12.1505536400
138,12.1717592200
139,12.1928907400
140,12.2138811700
141,12.2347294200
142,12.2554625200
143,12.2761075000
144,12.2966813900
145,12.3171841900
146,12.3376329300
147,12.3580276100
148,12.3783482300
149,12.3985677600
150,12.4187191700
151,12.4388165200
152,12.4588798100
153,12.4788960700
154,12.4988782700
155,12.5187534400
156,12.5385134600
157,12.5582253600
158,12.5778702300
159,12.5974740100
160,12.6170107600
161,12.6364864200
162,12.6559080200
163,12.6752355600
164,12.6944749800
165,12.7136133100
166,12.7326835200
167,12.7516196700
168,12.7705136400
169,12.7892676100
170,12.8079323700
171,12.8265230700
172,12.8450126800
173,12.8634141700
174,12.8817345700
175,12.8999738800
176,12.9181721000
177,12.9363232900
178,12.9544004200
179,12.9723964600
180,12.9903514100
181,13.0082593300
182,13.0261131900
183,13.0439329900
184,13.0616857600
185,13.0793774399
186,13.0969950599
187,13.1145715899
188,13.1320410899
189,13.1494354399
190,13.1667557299
191,13.1840349299
192,13.2012270999
193,13.2183711499
194,13.2354481699
195,13.2524440999
196,13.2693989399
197,13.2863067499
198,13.3031004999
199,13.3197390999
200,13.3362955199
201,13.3528378799
202,13.3693402399
203,13.3857885399
204,13.4021627799
205,13.4185159299
206,13.4347690799
207,13.4509270799
208,13.4670039899
209,13.4829598099
210,13.4987604799
211,13.5144589699
212,13.5299963699
213,13.5454445599
214,13.5607986899
215,13.5760646999
216,13.5912496199
217,13.6063534499
218,13.6213161899
219,13.6362167499
220,13.6511102799
221,13.6659638099
222,13.6808032799
223,13.6955427499
224,13.7102270699
225,13.7247843599
226,13.7392794699
227,13.7537275499
228,13.7681015699
229,13.7823744999
230,13.7965593099
231,13.8106830299
232,13.8247526899
233,13.8387882899
234,13.8526968599
235,13.8665032499
236,13.8802285499
237,13.8938327599
238,13.9073418199
239,13.9208097899
240,13.9342707299
241,13.9477316699
242,13.9610726099
243,13.9742913699
244,13.9874220099
245,14.0004915599
246,14.0134670499
247,14.0263344199
248,14.0391136699
249,14.0518318299
250,14.0644959299
251,14.0770859699
252,14.0895949199
253,14.1020627799
254,14.1145036099
255,14.1268774099
256,14.1391301199
257,14.1513076799
258,14.1633511799
259,14.1753324999
260,14.1872867899
261,14.1991740499
262,14.2109802199
263,14.2226652999
264,14.2342752299
265,14.2458110999
266,14.2572658799
267,14.2686395699
268,14.2799121699
269,14.2910566499
270,14.3021459799
271,14.3131082799
272,14.3240083999
273,14.3348414899
274,14.3455134899
275,14.3561162799
276,14.3666720399
277,14.3771537399
278,14.3873943499
279,14.3974976299
280,14.4074998199
281,14.4174138899
282,14.4272068699
283,14.4368246999
284,14.4463733199
285,14.4558949099
286,14.4652894699
287,14.4745618499
288,14.4837661099
289,14.4928763099
290,14.5019383899
291,14.5109534399
292,14.5198744299
293,14.5286472999
294,14.5373379899
295,14.5459346199
296,14.5544031299
297,14.5627564899
298,14.5710217299
299,14.5792458799
300,14.5874229999
301,14.5955260599
302,14.6035480299
303,14.6115289099
304,14.6194627599
305,14.6273225499
306,14.6350612499
307,14.6426647999
308,14.6501531999
309,14.6575734799
310,14.6649396999
311,14.6722518599
312,14.6794899599
313,14.6866669699
314,14.6937899199
315,14.7007988099
316,14.7077325499
317,14.7146322299
318,14.7214648799
319,14.7282564399
320,14.7350009699
321,14.7416514399
322,14.7482537899
323,14.7547891099
324,14.7612633399
325,14.7676235099
326,14.7738685299
327,14.7800654299
328,14.7862352999
329,14.7922581399
330,14.7981917699
331,14.8040313399
332,14.8098227899
333,14.8155872099
334,14.8213045999
335,14.8269879299
336,14.8326442299
337,14.8381934999
338,14.8436276199
339,14.8489736199
340,14.8542385299
341,14.8594423499
342,14.8646121099
343,14.8697548399
344,14.8748505399
345,14.8798721799
346,14.8848727299
347,14.8897932799
348,14.8946457099
349,14.8994240799
350,14.9040613599
351,14.9085764599
352,14.9130234399
353,14.9173563599
354,14.9215341299
355,14.9255897199
356,14.9295371899
357,14.9333965399
358,14.9371547999
359,14.9408449399
360,14.9445010199
361,14.9481100699
362,14.9515850599
363,14.9549378699
364,14.9582425599
365,14.9615002199
366,14.9646838199
367,14.9677663299
368,14.9707407199
369,14.9736669899
370,14.9765462299
371,14.9793314099
372,14.9820484699
373,14.9846714699
374,14.9872263499
375,14.9896871699
376,14.9920598699
377,14.9943314799
378,14.9965349699
379,14.9986843999
380,15.0006997699
381,15.0025729599
382,15.0042909999
383,15.0059268599
384,15.0074286599
385,15.0088282799
386,15.0101468099
387,15.0114042499
388,15.0125876299
389,15.0137299199
390,15.0147851799
391,15.0157923199
392,15.0167324299
393,15.0175914499
394,15.0183293799
395,15.0189721599
396,15.0194538499
397,15.0197263299
398,15.0198025699
399,15.0198095999
400,15.0198095999
401,15.0198095999
402,15.0198095999
403,15.0198095999
404,15.0198095999
405,15.0198095999
406,15.0198095999
407,15.0198095999
408,15.0198095999
409,15.0198095999
410,15.0198095999
411,15.0198095999
412,15.0198095999
413,15.0198095999
414,15.0198095999
415,15.0198095999
416,15.0198095999
417,15.0198095999
418,15.0198095999
419,15.0198095999
420,15.0198095999
421,15.0198095999
422,15.0198095999
423,15.0198095999
424,15.0198095999
425,15.0198095999
426,15.0198095999
427,15.0198095999
428,15.0198095999
429,15.0198095999
430,15.0198095999
431,15.0198095999
432,15.0198095999
433,15.0198095999
434,15.0198095999
435,15.0198095999
436,15.0198095999
437,15.0198095999
438,15.0198095999
439,15.0198095999
440,15.0198095999
441,15.0198095999
442,15.0198095999
443,15.0198095999
444,15.0198095999
445,15.0198095999
446,15.0198095999
447,15.0198095999
448,15.0198095999
449,15.0198095999
450,15.0198095999
451,15.0198095999
452,15.0198095999
453,15.0198095999
454,15.0198095999
455,15.0198095999
456,15.0198095999
457,15.0198095999
458,15.0198095999
459,15.0198095999
460,15.0198095999
461,15.0198095999
462,15.0198095999
463,15.0198095999
464,15.0198095999
465,15.0198095999
466,15.0198095999
467,15.0198095999
468,15.0198095999
469,15.0198095999
470,15.0198095999
471,15.0198095999
472,15.0198095999
473,15.0198095999
474,15.0198095999
475,15.0198095999
476,15.0198095999
477,15.0198095999
478,15.0198095999
479,15.0198095999
480,15.0198095999
481,15.0198095999
482,15.0198095999
483,15.0198095999
484,15.0198095999
485,15.0198095999
486,15.0198095999
487,15.0198095999
488,15.0198095999
489,15.0198095999
490,15.0198095999
491,15.0198095999
492,15.0198095999
493,15.0198095999
494,15.0198095999
495,15.0198095999
496,15.0198095999
497,15.0198095999
498,15.0198095999
499,15.0198095999
