0,0.3196373000
50,0.2149233000
100,0.2273028000
150,0.2396823000
200,0.2520618000
250,0.2644413000
300,0.2768208000
350,0.2892003000
400,0.3015798000
450,0.3139593000
500,0.3263388000
550,0.3387183000
600,0.3510978000
650,0.3634773000
700,0.3758568000
750,0.3882363000
800,0.4006158000
850,0.4129953000
900,0.4253748000
950,0.4377543000
1000,0.4501338000
1050,0.4625133000
1100,0.4748928000
1150,0.4872723000
1200,0.4996518000
1250,0.5120313000
1300,0.5244108000
1350,0.5367903000
1400,0.5491698000
1450,0.5615493000
1500,0.5739288000
1550,0.5863083000
1600,0.5986878000
1650,0.6110673000
1700,0.6234468000
1750,0.6358263000
1800,0.6482058000
1850,0.6605853000
1900,0.6729648000
1950,0.6853443000
2000,0.6977238000
2050,0.7101033000
2100,0.7224828000
2150,0.7348623000
2200,0.7472418000
2250,0.7596213000
2300,0.7720008000
2350,0.7843803000
2400,0.7967598000
2450,0.8091393000
2500,0.8215188000
2550,0.8338983000
2600,0.8462778000
2650,0.8586573000
2700,0.8710368000
2750,0.8834163000
2800,0.8957958000
2850,0.9081753000
2900,0.9205548000
2950,0.9329343000
3000,0.9453138000
3050,0.9576933000
3100,0.9700728000
3150,0.9824523000
3200,0.9948318000
3250,1.0072113000
3300,1.0195908000
3350,1.0319703000
3400,1.0443498000
3450,1.0567293000
3500,1.0691088000
3550,1.0814883000
3600,1.0938678000
3650,1.1062473000
3700,1.1186268000
3750,1.1310063000
3800,1.1433858000
3850,1.1557653000
3900,1.1681448000
3950,1.1805243000
4000,1.1929038000
4050,1.2052833000
4100,1.2176628000
4150,1.2300423000
4200,1.2424218000
4250,1.2548013000
4300,1.2671808000
4350,1.2795603000
4400,1.2919398000
4450,1.3043193000
4500,1.3166988000
4550,1.3290783000
4600,1.3414578000
4650,1.3538373000
4700,1.3662168000
4750,1.3785963000
4800,1.3909758000
4850,1.4033553000
4900,1.4157348000
4950,1.4281143000
5000,1.4404938000
5050,1.4528733000
5100,1.4652528000
5150,1.4776323000
5200,1.4900118000
5250,1.5023913000
5300,1.5147708000
5350,1.5271503000
5400,1.5395298000
5450,1.5519093000
5500,1.5642888000
5550,1.5766683000
5600,1.5890478000
5650,1.6014273000
5700,1.6138068000
5750,1.6261863000
5800,1.6385658000
5850,1.6509453000
5900,1.6633248000
5950,1.6757043000
6000,1.6880838000
6050,1.7004633000
6100,1.7128428000
6150,1.7252223000
6200,1.7376018000
6250,1.7499813000
6300,1.7623608000
6350,1.7747403000
6400,1.7871198000
6450,1.7994993000
6500,1.8118788000
6550,1.8242583000
6600,1.8366378000
6650,1.8490173000
6700,1.8613968000
6750,1.8737763000
6800,1.8861558000
6850,1.8985353000
6900,1.9109148000
6950,1.9232943000
7000,1.9356738000
7050,1.9480533000
7100,1.9604328000
7150,1.9728123000
7200,1.9851918000
7250,1.9975713000
7300,2.0099508000
7350,2.0223303000
7400,2.0347098000
7450,2.0470893000
7500,2.0594688000
7550,2.0718483000
7600,2.0842278000
7650,2.0966073000
7700,2.1089868000
7750,2.1213663000
7800,2.1337458000
7850,2.1461253000
7900,2.1585048000
7950,2.1708843000
8000,2.1832638000
8050,2.1956433000
8100,2.2080228000
8150,2.2204023000
8200,2.2327818000
8250,2.2451613000
8300,2.2575408000
8350,2.2699203000
8400,2.2822998000
8450,2.2946793000
8500,2.3070588000
8550,2.3194383000
8600,2.3318178000
8650,2.3441973000
8700,2.3565768000
8750,2.3689563000
8800,2.3813358000
8850,2.3937153000
8900,2.4060948000
8950,2.4184743000
9000,2.4308538000
9050,2.4432333000
9100,2.4556128000
9150,2.4679923000
9200,2.4803718000
9250,2.4927513000
9300,2.5051308000
9350,2.5175103000
9400,2.5298898000
9450,2.5422693000
9500,2.5546488000
9550,2.5670283000
9600,2.5794078000
9650,2.5917873000
9700,2.6041668000
9750,2.6165463000
9800,2.6289258000
9850,2.6413053000
9900,2.6536848000
9950,2.6660643000
10000,2.6784438000
10050,2.6908233000
10100,2.7032028000
10150,2.7155823000
10200,2.7279618000
10250,2.7403413000
10300,2.7527208000
10350,2.7651003000
10400,2.7774798000
10450,2.7898593000
10500,2.8022388000
10550,2.8146183000
10600,2.8269978000
10650,2.8393773000
10700,2.8517568000
10750,2.8641363000
10800,2.8765158000
10850,2.8888953000
10900,2.9012748000
10950,2.9136543000
11000,2.9260338000
11050,2.9384133000
11100,2.9507928000
11150,2.9631723000
11200,2.9755518000
11250,2.9879313000
11300,3.0003108000
11350,3.0126903000
11400,3.0250698000
11450,3.0374493000
11500,3.0498288000
11550,3.0622083000
11600,3.0745878000
11650,3.0869673000
11700,3.0993468000
11750,3.1117263000
11800,3.1241058000
11850,3.1364853000
11900,3.1488648000
11950,3.1612443000
12000,3.1736238000
12050,3.1860033000
12100,3.1983828000
12150,3.2107623000
12200,3.2231418000
12250,3.2355213000
12300,3.2479008000
12350,3.2602803000
12400,3.2726598000
12450,3.2850393000
12500,3.2974188000
12550,3.3097983000
12600,3.3221778000
12650,3.3345573000
12700,3.3469368000
12750,3.3593163000
12800,3.3716958000
12850,3.3840753000
12900,3.3964548000
12950,3.4088343000
13000,3.4212138000
13050,3.4335933000
13100,3.4459728000
13150,3.4583523000
13200,3.4707318000
13250,3.4831113000
13300,3.4954908000
13350,3.5078703000
13400,3.5202498000
13450,3.5326293000
13500,3.5450088000
13550,3.5573883000
13600,3.5697678000
13650,3.5821473000
13700,3.5945268000
13750,3.6069063000
13800,3.6192858000
13850,3.6316653000
13900,3.6440448000
13950,3.6564243000
14000,3.6688038000
14050,3.6811833000
14100,3.6935628000
14150,3.7059423000
14200,3.7183218000
14250,3.7307013000
14300,3.7430808000
14350,3.7554603000
14400,3.7678398000
14450,3.7802193000
14500,3.7925988000
14550,3.8049783000
14600,3.8173578000
14650,3.8297373000
14700,3.8421168000
14750,3.8544963000
14800,3.8668758000
14850,3.8792553000
14900,3.8916348000
14950,3.9040143000
15000,3.9163938000
15050,3.9287733000
15100,3.9411528000
15150,3.9535323000
15200,3.9659118000
15250,3.9782913000
15300,3.9906708000
15350,4.0030503000
15400,4.0154298000
15450,4.0278093000
15500,4.0401888000
15550,4.0525683000
15600,4.0649478000
15650,4.0773273000
15700,4.0897068000
15750,4.1020863000
15800,4.1144657999
15850,4.1268452999
15900,4.1392247999
15950,4.1516042999
16000,4.1639837999
16050,4.1763632999
16100,4.1887427999
16150,4.2011222999
16200,4.2135017999
16250,4.2258812999
16300,4.2382607999
16350,4.2506402999
16400,4.2630197999
16450,4.2753992999
16500,4.2877787999
16550,4.3001582999
16600,4.3125377999
16650,4.3249172999
16700,4.3372967999
16750,4.3496762999
16800,4.3620557999
16850,4.3744352999
16900,4.3868147999
16950,4.3991942999
17000,4.4115737999
17050,4.4239532999
17100,4.4363327999
17150,4.4487122999
17200,4.4610917999
17250,4.4734712999
17300,4.4858507999
17350,4.4982302999
17400,4.5106097999
17450,4.5229892999
17500,4.5353687999
17550,4.5477482999
17600,4.5601277999
17650,4.5725072999
17700,4.5848867999
17750,4.5972662999
17800,4.6096457999
17850,4.6220252999
17900,4.6344047999
17950,4.6467842999
18000,4.6591637999
18050,4.6715432999
18100,4.6839227999
18150,4.6963022999
18200,4.7086817999
18250,4.7210612999
18300,4.7334407999
18350,4.7458202999
18400,4.7581997999
18450,4.7705792999
18500,4.7829587999
18550,4.7953382999
18600,4.8077177999
18650,4.8200972999
18700,4.8324767999
18750,4.8448562999
18800,4.8572357999
18850,4.8696152999
18900,4.8819947999
18950,4.8943742999
19000,4.9067537999
19050,4.9191332999
19100,4.9315127999
19150,4.9438922999
19200,4.9562717999
19250,4.9686512999
19300,4.9810307999
19350,4.9934102999
19400,5.0057897999
19450,5.0181692999
19500,5.0305487999
19550,5.0429282999
19600,5.0553077999
19650,5.0676872999
19700,5.0800667999
19750,5.0924462999
19800,5.1048257999
19850,5.1172052999
19900,5.1295847999
19950,5.1419642999
20000,5.1543437999
20050,5.1667232999
20100,5.1791027999
20150,5.1914822999
20200,5.2038617999
20250,5.2162412999
20300,5.2286207999
20350,5.2410002999
20400,5.2533797999
20450,5.2657592999
20500,5.2781387999
20550,5.2905182999
20600,5.3028977999
20650,5.3152772999
20700,5.3276567999
20750,5.3400362999
20800,5.3524157999
20850,5.3647952999
20900,5.3771747999
20950,5.3895542999
21000,5.4019337999
21050,5.4143132999
21100,5.4266927999
21150,5.4390722999
21200,5.4514517999
21250,5.4638312999
21300,5.4762107999
21350,5.4885902999
21400,5.5009697999
21450,5.5133492999
21500,5.5257287999
21550,5.5381082999
21600,5.5504877999
21650,5.5628672999
21700,5.5752467999
21750,5.5876262999
21800,5.6000057999
21850,5.6123852999
21900,5.6247647999
21950,5.6371442999
22000,5.6495237999
22050,5.6619032999
22100,5.6742827999
22150,5.6866622999
22200,5.6990417999
22250,5.7114212999
22300,5.7238007999
22350,5.7361802999
22400,5.7485597999
22450,5.7609392999
22500,5.7733187999
22550,5.7856982999
22600,5.7980777999
22650,5.8104572999
22700,5.8228367999
22750,5.8352162999
22800,5.8475957999
22850,5.8599752999
22900,5.8723547999
22950,5.8847342999
23000,5.8971137999
23050,5.9094932999
23100,5.9218727999
23150,5.9342522999
23200,5.9466317999
23250,5.9590112999
23300,5.9713907999
23350,5.9837702999
23400,5.9961497999
23450,6.0085292999
23500,6.0209087999
23550,6.0332882999
23600,6.0456677999
23650,6.0580472999
23700,6.0704267999
23750,6.0828062999
23800,6.0951857999
23850,6.1075652999
23900,6.1199447999
23950,6.1323242999
24000,6.1447037999
24050,6.1570832999
24100,6.1694627998
24150,6.1818422998
24200,6.1942217998
24250,6.2066012998
24300,6.2189807998
24350,6.2313602998
24400,6.2437397998
24450,6.2561192998
24500,6.2684987998
24550,6.2808782998
24600,6.2932577998
24650,6.3056372998
24700,6.3180167998
24750,6.3303962998
24800,6.3427757998
24850,6.3551552998
24900,6.3675347998
24950,6.3799142998
25000,6.3922937998
25050,6.4046732998
25100,6.4170527998
25150,6.4294322998
25200,6.4418117998
25250,6.4541912998
25300,6.4665707998
25350,6.4789502998
25400,6.4913297998
25450,6.5037092998
25500,6.5160887998
25550,6.5284682998
25600,6.5408477998
25650,6.5532272998
25700,6.5656067998
25750,6.5779862998
25800,6.5903657998
25850,6.6027452998
25900,6.6151247998
25950,6.6275042998
26000,6.6398837998
26050,6.6522632998
26100,6.6646427998
26150,6.6770222999
26200,6.6894017999
26250,6.7017812999
26300,6.7141607999
26350,6.7265402999
26400,6.7389197999
26450,6.7512992999
26500,6.7636787999
26550,6.7760582999
26600,6.7884377999
26650,6.8008172999
26700,6.8131967999
26750,6.8255762999
26800,6.8379557999
26850,6.8503352999
26900,6.8627147999
26950,6.8750942999
27000,6.8874737999
27050,6.8998532999
27100,6.9122327999
27150,6.9246122999
27200,6.9369917999
27250,6.9493712999
27300,6.9617507999
27350,6.9741302999
27400,6.9865097999
27450,6.9988892999
27500,7.0112687999
27550,7.0236482999
27600,7.0360277999
27650,7.0484072999
27700,7.0607867999
27750,7.0731662999
27800,7.0855457999
27850,7.0979252999
27900,7.1103047999
27950,7.1226842999
28000,7.1350637999
28050,7.1474432999
28100,7.1598227999
28150,7.1722022999
28200,7.1845817999
28250,7.1969612999
28300,7.2093407999
28350,7.2217202999
28400,7.2340997999
28450,7.2464792999
28500,7.2588587999
28550,7.2712382999
28600,7.2836177999
28650,7.2959972999
28700,7.3083767999
28750,7.3207562999
28800,7.3331357999
28850,7.3455152999
28900,7.3578947999
28950,7.3702742999
29000,7.3826537999
29050,7.3950332998
29100,7.4074127998
29150,7.4197922998
29200,7.4321717998
29250,7.4445512998
29300,7.4569307998
29350,7.4693102998
29400,7.4816897998
29450,7.4940692998
29500,7.5064487998
29550,7.5188282998
29600,7.5312077998
29650,7.5435872998
29700,7.5559667998
29750,7.5683462998
29800,7.5807257998
29850,7.5931052998
29900,7.6054847998
29950,7.6178642998
30000,7.6302437998
30050,7.6426232998
30100,7.6550027998
30150,7.6673822998
30200,7.6797617998
30250,7.6921412998
30300,7.7045207998
30350,7.7169002998
30400,7.7292797998
30450,7.7416592998
30500,7.7540387998
30550,7.7664182998
30600,7.7787977998
30650,7.7911772998
30700,7.8035567998
30750,7.8159362998
30800,7.8283157998
30850,7.8406952998
30900,7.8530747998
30950,7.8654542998
31000,7.8778337998
31050,7.8902132998
31100,7.9025927998
31150,7.9149722998
31200,7.9273517998
31250,7.9397312998
31300,7.9521107998
31350,7.9644902998
31400,7.9768697998
31450,7.9892492998
31500,8.0016287998
31550,8.0140082998
31600,8.0263877998
31650,8.0387672998
31700,8.0511467998
31750,8.0635262998
31800,8.0759057998
31850,8.0882852998
31900,8.1006647998
31950,8.1130442998
32000,8.1254237998
32050,8.1378032998
32100,8.1501827998
32150,8.1625622998
32200,8.1749417998
32250,8.1873212998
32300,8.1997007998
32350,8.2120802998
32400,8.2244597998
32450,8.2368392998
32500,8.2492187998
32550,8.2615982998
32600,8.2739777998
32650,8.2863572998
32700,8.2987367998
32750,8.3111162998
32800,8.3234957998
32850,8.3358752998
32900,8.3482547998
32950,8.3606342998
33000,8.3730137998
33050,8.3853932998
33100,8.3977727998
33150,8.4101522998
33200,8.4225317998
33250,8.4349112998
33300,8.4472907998
33350,8.4596702998
33400,8.4720497998
33450,8.4844292998
33500,8.4968087998
33550,8.5091882998
33600,8.5215677998
33650,8.5339472998
33700,8.5463267998
33750,8.5587062998
33800,8.5710857998
33850,8.5834652998
33900,8.5958447998
33950,8.6082242998
34000,8.6206037998
34050,8.6329832998
34100,8.6453627998
34150,8.6577422998
34200,8.6701217998
34250,8.6825012998
34300,8.6948807998
34350,8.7072602998
34400,8.7196397998
34450,8.7320192998
34500,8.7443987998
34550,8.7567782998
34600,8.7691577998
34650,8.7815372998
34700,8.7939167998
34750,8.8062962998
34800,8.8186757998
34850,8.8310552998
34900,8.8434347998
34950,8.8558142998
35000,8.8681937998
35050,8.8805732998
35100,8.8929527998
35150,8.9053322998
35200,8.9177117998
35250,8.9300912998
35300,8.9424707998
35350,8.9548502998
35400,8.9672297998
35450,8.9796092998
35500,8.9919887998
35550,9.0043682998
35600,9.0167477998
35650,9.0291272998
35700,9.0415067998
35750,9.0538862998
35800,9.0662657998
35850,9.0786452998
35900,9.0910247998
35950,9.1034042998
36000,9.1157837998
36050,9.1281632998
36100,9.1405427998
36150,9.1529222998
36200,9.1653017998
36250,9.1776812998
36300,9.1900607998
36350,9.2024402998
36400,9.2148197998
36450,9.2271992998
36500,9.2395787998
36550,9.2519582998
36600,9.2643377998
36650,9.2767172998
36700,9.2890967998
36750,9.3014762998
36800,9.3138557998
36850,9.3262352998
36900,9.3386147998
36950,9.3509942998
37000,9.3633737998
37050,9.3757532998
37100,9.3881327998
37150,9.4005122998
37200,9.4128917998
37250,9.4252712998
37300,9.4376507998
37350,9.4500302998
37400,9.4624097998
37450,9.4747892998
37500,9.4871687998
37550,9.4995482998
37600,9.5119277998
37650,9.5243072998
37700,9.5366867998
37750,9.5490662998
37800,9.5614457998
37850,9.5738252998
37900,9.5862047998
37950,9.5985842998
38000,9.6109637998
38050,9.6233432998
38100,9.6357227998
38150,9.6481022998
38200,9.6604817998
38250,9.6728612998
38300,9.6852407998
38350,9.6976202998
38400,9.7099997998
38450,9.7223792998
38500,9.7347587998
38550,9.7471382998
38600,9.7595177998
38650,9.7718972998
38700,9.7842767998
38750,9.7966562998
38800,9.8090357998
38850,9.8214152998
38900,9.8337947998
38950,9.8461742998
39000,9.8585537998
39050,9.8709332998
39100,9.8833127998
39150,9.8956922998
39200,9.9080717998
39250,9.9204512998
39300,9.9328307998
39350,9.9452102998
39400,9.9575897998
39450,9.9699692998
39500,9.9823487998
39550,9.9947282998
39600,10.0071077998
39650,10.0194872998
39700,10.0318667998
39750,10.0442462998
39800,10.0566257998
39850,10.0690052998
39900,10.0813847998
39950,10.0937642998
40000,10.1061437998
40050,10.1185232998
40100,10.1309027998
40150,10.1432822998
40200,10.1556617998
40250,10.1680412998
40300,10.1804207998
40350,10.1928002998
40400,10.2051797998
40450,10.2175592998
40500,10.2299387998
40550,10.2423182998
40600,10.2546977998
40650,10.2670772998
40700,10.2794567998
40750,10.2918362998
40800,10.3042157998
40850,10.3165952998
40900,10.3289747998
40950,10.3413542998
41000,10.3537337998
41050,10.3661132998
41100,10.3784927998
41150,10.3908722998
41200,10.4032517998
41250,10.4156312998
41300,10.4280107998
41350,10.4403902998
41400,10.4527697998
41450,10.4651492998
41500,10.4775287998
41550,10.4899082998
41600,10.5022877998
41650,10.5146672998
41700,10.5270467998
41750,10.5394262998
41800,10.5518057998
41850,10.5641852998
41900,10.5765647998
41950,10.5889442998
42000,10.6013237998
42050,10.6137032998
42100,10.6260827998
42150,10.6384622998
42200,10.6508417998
42250,10.6632212998
42300,10.6756007998
42350,10.6879802998
42400,10.7003597998
42450,10.7127392998
42500,10.7251187998
42550,10.7374982998
42600,10.7498777998
42650,10.7622572998
42700,10.7746367998
42750,10.7870162998
42800,10.7993957998
42850,10.8117752998
42900,10.8241547998
42950,10.8365342998
43000,10.8489137998
43050,10.8612932998
43100,10.8736727998
43150,10.8860522998
43200,10.8984317998
43250,10.9108112998
43300,10.9231907998
43350,10.9355702998
43400,10.9479497998
43450,10.9603292998
43500,10.9727087998
43550,10.9850882998
43600,10.9974677998
43650,11.0098472998
43700,11.0222267998
43750,11.0346062998
43800,11.0469857998
43850,11.0593652998
43900,11.0717447998
43950,11.0841242998
44000,11.0965037998
44050,11.1088832998
44100,11.1212627998
44150,11.1336422998
44200,11.1460217998
44250,11.1584012998
44300,11.1707807998
44350,11.1831602998
44400,11.1955397998
44450,11.2079192998
44500,11.2202987998
44550,11.2326782998
44600,11.2450577998
44650,11.2574372998
44700,11.2698167998
44750,11.2821962998
44800,11.2945757998
44850,11.3069552998
44900,11.3193347998
44950,11.3317142998
45000,11.3440937998
45050,11.3564732998
45100,11.3688527998
45150,11.3812322998
45200,11.3936117998
45250,11.4059912998
45300,11.4183707998
45350,11.4307502998
45400,11.4431297998
45450,11.4555092998
45500,11.4678887998
45550,11.4802682998
45600,11.4926477998
45650,11.5050272998
45700,11.5174067998
45750,11.5297862998
45800,11.5421657998
45850,11.5545452998
45900,11.5669247998
45950,11.5793042998
46000,11.5916837998
46050,11.6040632998
46100,11.6164427998
46150,11.6288222998
46200,11.6412017998
46250,11.6535812998
46300,11.6659607998
46350,11.6783402998
46400,11.6907197998
46450,11.7030992998
46500,11.7154787998
46550,11.7278582998
46600,11.7402377998
46650,11.7526172998
46700,11.7649967998
46750,11.7773762998
46800,11.7897557998
46850,11.8021352998
46900,11.8145147998
46950,11.8268942998
47000,11.8392737998
47050,11.8516532998
47100,11.8640327998
47150,11.8764122998
47200,11.8887917998
47250,11.9011712998
47300,11.9135507998
47350,11.9259302998
47400,11.9383097998
47450,11.9506892998
47500,11.9630687998
47550,11.9754482998
47600,11.9878277998
47650,12.0002072998
47700,12.0125867998
47750,12.0249662998
47800,12.0373457998
47850,12.0497252998
47900,12.0621047998
47950,12.0744842998
48000,12.0868637998
48050,12.0992432998
48100,12.1116227998
48150,12.1240022998
48200,12.1363817998
48250,12.1487612998
48300,12.1611407998
48350,12.1735202998
48400,12.1858997998
48450,12.1982792998
48500,12.2106587998
48550,12.2230382998
48600,12.2354177998
48650,12.2477972998
48700,12.2601767998
48750,12.2725562998
48800,12.2849357998
48850,12.2973152998
48900,12.3096947998
48950,12.3220742997
49000,12.3344537997
49050,12.3468332997
49100,12.3592127997
49150,12.3715922997
49200,12.3839717997
49250,12.3963512997
49300,12.4087307997
49350,12.4211102997
49400,12.4334897997
49450,12.4458692997
49500,12.4582487997
49550,12.4706282997
49600,12.4830077997
49650,12.4953872997
49700,12.5077667997
49750,12.5201462997
49800,12.5325257997
49850,12.5449052997
49900,12.5572847997
49950,12.5696642997
50000,12.5820437997
50050,12.5944232997
50100,12.6068027997
50150,12.6191822997
50200,12.6315617997
50250,12.6439412997
50300,12.6563207997
50350,12.6687002997
50400,12.6810797997
50450,12.6934592997
50500,12.7058387997
50550,12.7182182997
50600,12.7305977997
50650,12.7429772997
50700,12.7553567997
50750,12.7677362997
50800,12.7801157997
50850,12.7924952997
50900,12.8048747997
50950,12.8172542997
51000,12.8296337997
51050,12.8420132997
51100,12.8543927997
51150,12.8667722997
51200,12.8791517997
51250,12.8915312997
51300,12.9039107997
51350,12.9162902997
51400,12.9286697997
51450,12.9410492997
51500,12.9534287997
51550,12.9658082997
51600,12.9781877997
51650,12.9905672997
51700,13.0029467997
51750,13.0153262997
51800,13.0277057997
51850,13.0400852997
51900,13.0524647997
51950,13.0648442997
52000,13.0772237997
52050,13.0896032997
52100,13.1019827997
52150,13.1143622997
52200,13.1267417997
52250,13.1391212997
52300,13.1515007997
52350,13.1638802997
52400,13.1762597997
52450,13.1886392997
52500,13.2010187997
52550,13.2133982997
52600,13.2257777997
52650,13.2381572997
52700,13.2505367997
52750,13.2629162997
52800,13.2752957997
52850,13.2876752997
52900,13.3000547997
52950,13.3124342997
53000,13.3248137997
53050,13.3371932997
53100,13.3495727997
53150,13.3619522997
53200,13.3743317997
53250,13.3867112997
53300,13.3990907997
53350,13.4114702997
53400,13.4238497997
53450,13.4362292997
53500,13.4486087997
53550,13.4609882997
53600,13.4733677997
53650,13.4857472997
53700,13.4981267997
53750,13.5105062997
53800,13.5228857997
53850,13.5352652997
53900,13.5476447997
53950,13.5600242997
54000,13.5724037997
54050,13.5847832997
54100,13.5971627997
54150,13.6095422997
54200,13.6219217997
54250,13.6343012997
54300,13.6466807997
54350,13.6590602997
54400,13.6714397997
54450,13.6838192997
54500,13.6961987997
54550,13.7085782997
54600,13.7209577997
54650,13.7333372997
54700,13.7457167997
54750,13.7580962997
54800,13.7704757997
54850,13.7828552997
54900,13.7952347997
54950,13.8076142997
55000,13.8199937997
55050,13.8323732997
55100,13.8447527997
55150,13.8571322997
55200,13.8695117997
55250,13.8818912997
55300,13.8942707997
55350,13.9066502997
55400,13.9190297997
55450,13.9314092997
55500,13.9437887997
55550,13.9561682997
55600,13.9685477997
55650,13.9809272997
55700,13.9933067997
55750,14.0056862997
55800,14.0180657997
55850,14.0304452997
55900,14.0428247997
55950,14.0552042997
56000,14.0675837997
56050,14.0799632997
56100,14.0923427997
56150,14.1047222997
56200,14.1171017997
56250,14.1294812997
56300,14.1418607997
56350,14.1542402997
56400,14.1666197997
56450,14.1789992997
56500,14.1913787997
56550,14.2037582997
56600,14.2161377997
56650,14.2285172997
56700,14.2408967997
56750,14.2532762997
56800,14.2656557997
56850,14.2780352997
56900,14.2904147997
56950,14.3027942997
57000,14.3151737997
57050,14.3275532997
57100,14.3399327997
57150,14.3523122997
57200,14.3646917997
57250,14.3770712997
57300,14.3894507997
57350,14.4018302997
57400,14.4142097997
57450,14.4265892997
57500,14.4389687997
57550,14.4513482997
57600,14.4637277997
57650,14.4761072997
57700,14.4884867997
57750,14.5008662997
57800,14.5132457997
57850,14.5256252997
57900,14.5380047997
57950,14.5503842997
58000,14.5627637997
58050,14.5751432997
58100,14.5875227997
58150,14.5999022997
58200,14.6122817997
58250,14.6246612997
58300,14.6370407997
58350,14.6494202997
58400,14.6617997997
58450,14.6741792997
58500,14.6865587997
58550,14.6989382997
58600,14.7113177997
58650,14.7236972997
58700,14.7360767997
58750,14.7484562997
58800,14.7608357997
58850,14.7732152997
58900,14.7855947997
58950,14.7979742997
59000,14.8103537997
59050,14.8227332997
59100,14.8351127997
59150,14.8474922997
59200,14.8598717997
59250,14.8722512997
59300,14.8846307997
59350,14.8970102997
59400,14.9093897997
59450,14.9217692997
59500,14.9341487997
59550,14.9465282997
59600,14.9589077997
59650,14.9712872997
59700,14.9836667997
59750,14.9960462997
59800,15.0084257997
59850,15.0208052997
59900,15.0331847997
59950,15.0455642997
60000,15.0579437997
60050,15.0703232997
60100,15.0827027997
60150,15.0950822997
60200,15.1074617997
60250,15.1198412997
60300,15.1322207997
60350,15.1446002997
60400,15.1569797997
60450,15.1693592997
60500,15.1817387997
60550,15.1941182997
60600,15.2064977997
60650,15.2188772997
60700,15.2312567997
60750,15.2436362997
60800,15.2560157997
60850,15.2683952997
60900,15.2807747997
60950,15.2931542997
61000,15.3055337997
61050,15.3179132997
61100,15.3302927997
61150,15.3426722997
61200,15.3550517997
61250,15.3674312997
61300,15.3798107997
61350,15.3921902997
61400,15.4045697997
61450,15.4169492997
61500,15.4293287997
61550,15.4417082997
61600,15.4540877997
61650,15.4664672997
61700,15.4788467997
61750,15.4912262997
61800,15.5036057997
61850,15.5159852997
61900,15.5283647997
61950,15.5407442997
62000,15.5531237997
62050,15.5655032997
62100,15.5778827997
62150,15.5902622997
62200,15.6026417997
62250,15.6150212997
62300,15.6274007997
62350,15.6397802997
62400,15.6521597997
62450,15.6645392997
62500,15.6769187997
62550,15.6892982997
62600,15.7016777997
62650,15.7140572997
62700,15.7264367997
62750,15.7388162997
62800,15.7511957997
62850,15.7635752997
62900,15.7759547997
62950,15.7883342997
63000,15.8007137997
63050,15.8130932997
63100,15.8254727997
63150,15.8378522997
63200,15.8502317997
63250,15.8626112997
63300,15.8749907997
63350,15.8873702997
63400,15.8997497997
63450,15.9121292997
63500,15.9245087997
63550,15.9368882997
63600,15.9492677997
63650,15.9616472997
63700,15.9740267997
63750,15.9864062997
63800,15.9987857997
63850,16.0111652997
63900,16.0235447997
63950,16.0359242997
64000,16.0483037997
64050,16.0606832997
64100,16.0730627997
64150,16.0854422997
64200,16.0978217997
64250,16.1102012997
64300,16.1225807997
64350,16.1349602997
64400,16.1473397997
64450,16.1597192997
64500,16.1720987997
64550,16.1844782997
64600,16.1968577997
64650,16.2092372997
64700,16.2216167997
64750,16.2339962997
64800,16.2463757997
64850,16.2587552997
64900,16.2711347997
64950,16.2835142997
65000,16.2958937997
65050,16.3082732997
65100,16.3206527997
65150,16.3330322997
65200,16.3454117997
65250,16.3577912997
65300,16.3701707997
65350,16.3825502997
65400,16.3949297998
65450,16.4073092998
65500,16.4196887998
65550,16.4320682998
65600,16.4444477998
65650,16.4568272998
65700,16.4692067998
65750,16.4815862998
65800,16.4939657998
65850,16.5063452998
65900,16.5187247998
65950,16.5311042998
66000,16.5434837998
66050,16.5558632998
66100,16.5682427998
66150,16.5806222998
66200,16.5930017998
66250,16.6053812998
66300,16.6177607998
66350,16.6301402998
66400,16.6425197998
66450,16.6548992998
66500,16.6672787998
66550,16.6796582998
66600,16.6920377998
66650,16.7044172998
66700,16.7167967998
66750,16.7291762998
66800,16.7415557998
66850,16.7539352998
66900,16.7663147998
66950,16.7786942998
67000,16.7910737998
67050,16.8034532998
67100,16.8158327998
67150,16.8282122998
67200,16.8405917998
67250,16.8529712998
67300,16.8653507998
67350,16.8777302998
67400,16.8901097998
67450,16.9024892998
67500,16.9148687998
67550,16.9272482998
67600,16.9396277998
67650,16.9520072998
67700,16.9643867998
67750,16.9767662998
67800,16.9891457998
67850,17.0015252998
67900,17.0139047998
67950,17.0262842998
68000,17.0386637998
68050,17.0510432998
68100,17.0634227998
68150,17.0758022998
68200,17.0881817998
68250,17.1005612998
68300,17.1129407998
68350,17.1253202998
68400,17.1376997998
68450,17.1500792998
68500,17.1624587998
68550,17.1748382998
68600,17.1872177998
68650,17.1995972998
68700,17.2119767998
68750,17.2243562998
68800,17.2367357998
68850,17.2491152998
68900,17.2614947998
68950,17.2738742998
69000,17.2862537998
69050,17.2986332998
69100,17.3110127998
69150,17.3233922998
69200,17.3357717998
69250,17.3481512998
69300,17.3605307998
69350,17.3729102998
69400,17.3852897999
69450,17.3976692999
69500,17.4100487999
69550,17.4224282999
69600,17.4348077999
69650,17.4471872999
69700,17.4595667999
69750,17.4719462999
69800,17.4843257999
69850,17.4967052999
69900,17.5090847999
69950,17.5214642999
70000,17.5338437999
70050,17.5462232999
70100,17.5586027999
70150,17.5709822999
70200,17.5833617999
70250,17.5957412999
70300,17.6081207999
70350,17.6205002999
70400,17.6328797999
70450,17.6452592999
70500,17.6576387999
70550,17.6700182999
70600,17.6823977999
70650,17.6947772999
70700,17.7071567999
70750,17.7195362999
70800,17.7319157999
70850,17.7442952999
70900,17.7566747999
70950,17.7690542999
71000,17.7814337999
71050,17.7938132999
71100,17.8061927999
71150,17.8185722999
71200,17.8309517999
71250,17.8433312999
71300,17.8557107999
71350,17.8680902999
71400,17.8804697999
71450,17.8928492999
71500,17.9052287999
71550,17.9176082999
71600,17.9299877999
71650,17.9423672999
71700,17.9547467999
71750,17.9671262999
71800,17.9795057999
71850,17.9918852999
71900,18.0042647999
71950,18.0166442999
72000,18.0290237999
72050,18.0414032999
72100,18.0537827999
72150,18.0661622999
72200,18.0785417999
72250,18.0909212999
72300,18.1033007999
72350,18.1156802999
72400,18.1280597999
72450,18.1404392999
72500,18.1528187999
72550,18.1651982999
72600,18.1775777999
72650,18.1899572999
72700,18.2023367999
72750,18.2147162999
72800,18.2270957999
72850,18.2394752999
72900,18.2518547999
72950,18.2642342999
73000,18.2766137999
73050,18.2889932999
73100,18.3013727999
73150,18.3137522999
73200,18.3261317999
73250,18.3385112999
73300,18.3508907999
73350,18.3632702999
73400,18.3756497999
73450,18.3880292999
73500,18.4004087999
73550,18.4127882999
73600,18.4251677999
73650,18.4375472999
73700,18.4499268000
73750,18.4623063000
73800,18.4746858000
73850,18.4870653000
73900,18.4994448000
73950,18.5118243000
74000,18.5242038000
74050,18.5365833000
74100,18.5489628000
74150,18.5613423000
74200,18.5737218000
74250,18.5861013000
74300,18.5984808000
74350,18.6108603000
74400,18.6232398000
74450,18.6356193000
74500,18.6479988000
74550,18.6603783000
74600,18.6727578000
74650,18.6851373000
74700,18.6975168000
74750,18.7098963000
74800,18.7222758000
74850,18.7346553000
74900,18.7470348000
74950,18.7594143000
75000,18.7717938000
75050,18.7841733000
75100,18.7965528000
75150,18.8089323000
75200,18.8213118000
75250,18.8336913000
75300,18.8460708000
75350,18.8584503000
75400,18.8708298000
75450,18.8832093000
75500,18.8955888000
75550,18.9079683000
75600,18.9203478000
75650,18.9327273000
75700,18.9451068000
75750,18.9574863000
75800,18.9698658000
75850,18.9822453000
75900,18.9946248000
75950,19.0070043000
76000,19.0193838000
76050,19.0317633000
76100,19.0441428000
76150,19.0565223000
76200,19.0689018000
76250,19.0812813000
76300,19.0936608000
76350,19.1060403000
76400,19.1184198000
76450,19.1307993000
76500,19.1431788000
76550,19.1555583000
76600,19.1679378000
76650,19.1803173000
76700,19.1926968000
76750,19.2050763000
76800,19.2174558000
76850,19.2298353000
76900,19.2422148000
76950,19.2545943000
77000,19.2669738000
77050,19.2793533000
77100,19.2917328000
77150,19.3041123000
77200,19.3164918000
77250,19.3288713000
77300,19.3412508000
77350,19.3536303000
77400,19.3660098000
77450,19.3783893000
77500,19.3907688000
77550,19.4031483000
77600,19.4155278000
77650,19.4279073000
77700,19.4402868000
77750,19.4526663000
77800,19.4650458000
77850,19.4774253000
77900,19.4898048000
77950,19.5021843000
78000,19.5145638000
78050,19.5269433000
78100,19.5393228000
78150,19.5517023000
78200,19.5640818000
78250,19.5764613000
78300,19.5888408000
78350,19.6012203000
78400,19.6135998000
78450,19.6259793000
78500,19.6383588000
78550,19.6507383000
78600,19.6631178000
78650,19.6754973000
78700,19.6878768000
78750,19.7002563000
78800,19.7126358000
78850,19.7250153000
78900,19.7373948000
78950,19.7497743000
79000,19.7621538000
79050,19.7745333000
79100,19.7869128000
79150,19.7992923000
79200,19.8116718000
79250,19.8240513000
79300,19.8364308000
79350,19.8488103000
79400,19.8611898000
79450,19.8735693000
79500,19.8859488000
79550,19.8983283000
79600,19.9107078000
79650,19.9230873000
79700,19.9354668000
79750,19.9478463000
79800,19.9602258000
79850,19.9726053000
79900,19.9849848000
79950,19.9973643000
80000,20.0097438000
80050,20.0221233000
80100,20.0345028000
80150,20.0468823000
80200,20.0592618000
80250,20.0716413000
80300,20.0840208000
80350,20.0964003000
80400,20.1087798000
80450,20.1211593000
80500,20.1335388000
80550,20.1459183000
80600,20.1582978000
80650,20.1706773000
80700,20.1830568000
80750,20.1954363000
80800,20.2078158000
80850,20.2201953000
80900,20.2325748000
80950,20.2449543000
81000,20.2573338000
81050,20.2697133001
81100,20.2820928001
81150,20.2944723001
81200,20.3068518001
81250,20.3192313001
81300,20.3316108001
81350,20.3439903001
81400,20.3563698001
81450,20.3687493001
81500,20.3811288001
81550,20.3935083001
81600,20.4058878001
81650,20.4182673001
81700,20.4306468001
81750,20.4430263001
81800,20.4554058001
81850,20.4677853001
81900,20.4801648001
81950,20.4925443001
82000,20.5049238001
82050,20.5173033001
82100,20.5296828001
82150,20.5420623001
82200,20.5544418001
82250,20.5668213001
82300,20.5792008001
82350,20.5915803001
82400,20.6039598001
82450,20.6163393001
82500,20.6287188001
82550,20.6410983001
82600,20.6534778001
82650,20.6658573001
82700,20.6782368001
82750,20.6906163001
82800,20.7029958001
82850,20.7153753001
82900,20.7277548001
82950,20.7401343001
83000,20.7525138001
83050,20.7648933001
83100,20.7772728001
83150,20.7896523001
83200,20.8020318001
83250,20.8144113001
83300,20.8267908001
83350,20.8391703001
83400,20.8515498001
83450,20.8639293001
83500,20.8763088001
83550,20.8886883001
83600,20.9010678001
83650,20.9134473001
83700,20.9258268001
83750,20.9382063001
83800,20.9505858001
83850,20.9629653001
83900,20.9753448001
83950,20.9877243001
84000,21.0001038001
84050,21.0124833001
84100,21.0248628001
84150,21.0372423001
84200,21.0496218001
84250,21.0620013001
84300,21.0743808001
84350,21.0867603002
84400,21.0991398002
84450,21.1115193002
84500,21.1238988002
84550,21.1362783002
84600,21.1486578002
84650,21.1610373002
84700,21.1734168002
84750,21.1857963002
84800,21.1981758002
84850,21.2105553002
84900,21.2229348002
84950,21.2353143002
85000,21.2476938002
85050,21.2600733002
85100,21.2724528002
85150,21.2848323002
85200,21.2972118002
85250,21.3095913002
85300,21.3219708002
85350,21.3343503002
85400,21.3467298002
85450,21.3591093002
85500,21.3714888002
85550,21.3838683002
85600,21.3962478002
85650,21.4086273002
85700,21.4210068002
85750,21.4333863002
85800,21.4457658002
85850,21.4581453002
85900,21.4705248002
85950,21.4829043002
86000,21.4952838002
86050,21.5076633002
86100,21.5200428002
86150,21.5324223002
86200,21.5448018002
86250,21.5571813002
86300,21.5695608002
86350,21.5819403002
86400,21.5943198002
86450,21.6066993002
86500,21.6190788002
86550,21.6314583002
86600,21.6438378002
86650,21.6562173002
86700,21.6685968002
86750,21.6809763002
86800,21.6933558002
86850,21.7057353002
86900,21.7181148002
86950,21.7304943002
87000,21.7428738002
87050,21.7552533002
87100,21.7676328002
87150,21.7800123002
87200,21.7923918002
87250,21.8047713002
87300,21.8171508002
87350,21.8295303002
87400,21.8419098002
87450,21.8542893002
87500,21.8666688002
87550,21.8790483002
87600,21.8914278002
87650,21.9038073002
87700,21.9161868002
87750,21.9285663002
87800,21.9409458002
87850,21.9533253002
87900,21.9657048002
87950,21.9780843002
88000,21.9904638002
88050,22.0028433002
88100,22.0152228002
88150,22.0276023002
88200,22.0399818002
88250,22.0523613002
88300,22.0647408002
88350,22.0771203002
88400,22.0894998002
88450,22.1018793002
88500,22.1142588002
88550,22.1266383002
88600,22.1390178002
88650,22.1513973002
88700,22.1637768002
88750,22.1761563002
88800,22.1885358002
88850,22.2009153002
88900,22.2132948002
88950,22.2256743002
89000,22.2380538002
89050,22.2504333002
89100,22.2628128002
89150,22.2751923002
89200,22.2875718002
89250,22.2999513002
89300,22.3123308002
89350,22.3247103002
89400,22.3370898002
89450,22.3494693002
89500,22.3618488002
89550,22.3742283002
89600,22.3866078002
89650,22.3989873002
89700,22.4113668002
89750,22.4237463002
89800,22.4361258002
89850,22.4485053002
89900,22.4608848002
89950,22.4732643002
90000,22.4856438002
90050,22.4980233002
90100,22.5104028002
90150,22.5227823002
90200,22.5351618002
90250,22.5475413002
90300,22.5599208002
90350,22.5723003002
90400,22.5846798002
90450,22.5970593002
90500,22.6094388002
90550,22.6218183002
90600,22.6341978002
90650,22.6465773002
90700,22.6589568002
90750,22.6713363002
90800,22.6837158002
90850,22.6960953002
90900,22.7084748002
90950,22.7208543002
91000,22.7332338002
91050,22.7456133002
91100,22.7579928002
91150,22.7703723002
91200,22.7827518002
91250,22.7951313002
91300,22.8075108002
91350,22.8198903002
91400,22.8322698002
91450,22.8446493002
91500,22.8570288002
91550,22.8694083002
91600,22.8817878002
91650,22.8941673002
91700,22.9065468002
91750,22.9189263002
91800,22.9313058002
91850,22.9436853002
91900,22.9560648002
91950,22.9684443002
92000,22.9808238002
92050,22.9932033002
92100,23.0055828002
92150,23.0179623002
92200,23.0303418002
92250,23.0427213002
92300,23.0551008002
92350,23.0674803002
92400,23.0798598002
92450,23.0922393002
92500,23.1046188002
92550,23.1169983002
92600,23.1293778002
92650,23.1417573002
92700,23.1541368002
92750,23.1665163002
92800,23.1788958002
92850,23.1912753002
92900,23.2036548002
92950,23.2160343002
93000,23.2284138002
93050,23.2407933002
93100,23.2531728002
93150,23.2655523002
93200,23.2779318002
93250,23.2903113002
93300,23.3026908002
93350,23.3150703002
93400,23.3274498002
93450,23.3398293002
93500,23.3522088002
93550,23.3645883002
93600,23.3769678002
93650,23.3893473002
93700,23.4017268002
93750,23.4141063002
93800,23.4264858002
93850,23.4388653002
93900,23.4512448002
93950,23.4636243002
94000,23.4760038002
94050,23.4883833002
94100,23.5007628002
94150,23.5131423002
94200,23.5255218002
94250,23.5379013002
94300,23.5502808002
94350,23.5626603002
94400,23.5750398002
94450,23.5874193002
94500,23.5997988002
94550,23.6121783002
94600,23.6245578002
94650,23.6369373002
94700,23.6493168002
94750,23.6616963003
94800,23.6740758003
94850,23.6864553003
94900,23.6988348003
94950,23.7112143003
95000,23.7235938003
95050,23.7359733003
95100,23.7483528003
95150,23.7607323003
95200,23.7731118003
95250,23.7854913003
95300,23.7978708003
95350,23.8102503003
95400,23.8226298003
95450,23.8350093003
95500,23.8473888003
95550,23.8597683003
95600,23.8721478003
95650,23.8845273003
95700,23.8969068003
95750,23.9092863003
95800,23.9216658003
95850,23.9340453003
95900,23.9464248003
95950,23.9588043003
96000,23.9711838003
96050,23.9835633003
96100,23.9959428003
96150,24.0083223003
96200,24.0207018003
96250,24.0330813003
96300,24.0454608003
96350,24.0578403003
96400,24.0702198003
96450,24.0825993003
96500,24.0949788003
96550,24.1073583003
96600,24.1197378003
96650,24.1321173003
96700,24.1444968003
96750,24.1568763003
96800,24.1692558003
96850,24.1816353003
96900,24.1940148003
96950,24.2063943003
97000,24.2187738003
97050,24.2311533003
97100,24.2435328003
97150,24.2559123003
97200,24.2682918003
97250,24.2806713003
97300,24.2930508003
97350,24.3054303003
97400,24.3178098003
97450,24.3301893003
97500,24.3425688003
97550,24.3549483003
97600,24.3673278003
97650,24.3797073003
97700,24.3920868003
97750,24.4044663003
97800,24.4168458003
97850,24.4292253003
97900,24.4416048003
97950,24.4539843003
98000,24.4663638003
98050,24.4787433003
98100,24.4911228003
98150,24.5035023003
98200,24.5158818003
98250,24.5282613003
98300,24.5406408003
98350,24.5530203003
98400,24.5653998003
98450,24.5777793003
98500,24.5901588003
98550,24.6025383003
98600,24.6149178003
98650,24.6272973003
98700,24.6396768003
98750,24.6520563003
98800,24.6644358003
98850,24.6768153003
98900,24.6891948003
98950,24.7015743003
99000,24.7139538003
99050,24.7263333003
99100,24.7387128003
99150,24.7510923003
99200,24.7634718003
99250,24.7758513003
99300,24.7882308003
99350,24.8006103003
99400,24.8129898003
99450,24.8253693003
99500,24.8377488003
99550,24.8501283003
99600,24.8625078003
99650,24.8748873003
99700,24.8872668003
99750,24.8996463003
99800,24.9120258003
99850,24.9244053003
99900,24.9367848003
99950,24.9491643003
100000,24.9615438003
100050,24.9739233003
100100,24.9863028003
100150,24.9986823003
100200,25.0110618003
100250,25.0234413003
100300,25.0358208003
100350,25.0482003003
100400,25.0605798003
100450,25.0729593003
100500,25.0853388003
100550,25.0977183003
100600,25.1100978003
100650,25.1224773003
100700,25.1348568003
100750,25.1472363003
100800,25.1596158003
100850,25.1719953003
100900,25.1843748003
100950,25.1967543003
101000,25.2091338003
101050,25.2215133003
101100,25.2338928003
101150,25.2462723003
101200,25.2586518003
101250,25.2710313003
101300,25.2834108003
101350,25.2957903003
101400,25.3081698003
101450,25.3205493003
101500,25.3329288003
101550,25.3453083003
101600,25.3576878003
101650,25.3700673003
101700,25.3824468003
101750,25.3948263003
101800,25.4072058003
101850,25.4195853004
101900,25.4319648004
101950,25.4443443004
102000,25.4567238004
102050,25.4691033004
102100,25.4814828004
102150,25.4938623004
102200,25.5062418004
102250,25.5186213004
102300,25.5310008004
102350,25.5433803004
102400,25.5557598004
102450,25.5681393004
102500,25.5805188004
102550,25.5928983004
102600,25.6052778004
102650,25.6176573004
102700,25.6300368004
102750,25.6424163004
102800,25.6547958004
102850,25.6671753004
102900,25.6795548004
102950,25.6919343004
103000,25.7043138004
103050,25.7166933004
103100,25.7290728004
103150,25.7414523004
103200,25.7538318004
103250,25.7662113004
103300,25.7785908004
103350,25.7909703004
103400,25.8033498004
103450,25.8157293004
103500,25.8281088004
103550,25.8404883004
103600,25.8528678004
103650,25.8652473004
103700,25.8776268004
103750,25.8900063004
103800,25.9023858004
103850,25.9147653004
103900,25.9271448004
103950,25.9395243004
104000,25.9519038004
104050,25.9642833004
104100,25.9766628004
104150,25.9890423004
104200,26.0014218004
104250,26.0138013004
104300,26.0261808004
104350,26.0385603004
104400,26.0509398004
104450,26.0633193004
104500,26.0756988004
104550,26.0880783004
104600,26.1004578004
104650,26.1128373004
104700,26.1252168004
104750,26.1375963004
104800,26.1499758004
104850,26.1623553004
104900,26.1747348004
104950,26.1871143004
105000,26.1994938004
105050,26.2118733004
105100,26.2242528004
105150,26.2366323004
105200,26.2490118004
105250,26.2613913004
105300,26.2737708004
105350,26.2861503004
105400,26.2985298004
105450,26.3109093004
105500,26.3232888004
105550,26.3356683004
105600,26.3480478004
105650,26.3604273004
105700,26.3728068004
105750,26.3851863004
105800,26.3975658004
105850,26.4099453004
105900,26.4223248004
105950,26.4347043004
106000,26.4470838004
106050,26.4594633004
106100,26.4718428004
106150,26.4842223004
106200,26.4966018004
106250,26.5089813004
106300,26.5213608004
106350,26.5337403004
106400,26.5461198004
106450,26.5584993004
106500,26.5708788004
106550,26.5832583004
106600,26.5956378004
106650,26.6080173004
106700,26.6203968004
106750,26.6327763004
106800,26.6451558004
106850,26.6575353004
106900,26.6699148004
106950,26.6822943004
107000,26.6946738004
107050,26.7070533004
107100,26.7194328004
107150,26.7318123004
107200,26.7441918004
107250,26.7565713004
107300,26.7689508004
107350,26.7813303004
107400,26.7937098004
107450,26.8060893004
107500,26.8184688004
107550,26.8308483004
107600,26.8432278004
107650,26.8556073004
107700,26.8679868004
107750,26.8803663004
107800,26.8927458004
107850,26.9051253004
107900,26.9175048004
107950,26.9298843004
108000,26.9422638004
108050,26.9546433004
108100,26.9670228004
108150,26.9794023004
108200,26.9917818004
108250,27.0041613004
108300,27.0165408004
108350,27.0289203004
108400,27.0412998004
108450,27.0536793004
108500,27.0660588004
108550,27.0784383004
108600,27.0908178004
108650,27.1031973004
108700,27.1155768004
108750,27.1279563004
108800,27.1403358004
108850,27.1527153004
108900,27.1650948004
108950,27.1774743004
109000,27.1898538004
109050,27.2022333004
109100,27.2146128004
109150,27.2269923004
109200,27.2393718004
109250,27.2517513004
109300,27.2641308004
109350,27.2765103004
109400,27.2888898004
109450,27.3012693004
109500,27.3136488004
109550,27.3260283004
109600,27.3384078004
109650,27.3507873004
109700,27.3631668004
109750,27.3755463004
109800,27.3879258004
109850,27.4003053004
109900,27.4126848004
109950,27.4250643004
110000,27.4374438004
110050,27.4498233004
110100,27.4622028004
110150,27.4745823004
110200,27.4869618004
110250,27.4993413004
110300,27.5117208004
110350,27.5241003004
110400,27.5364798004
110450,27.5488593004
110500,27.5612388004
110550,27.5736183004
110600,27.5859978004
110650,27.5983773004
110700,27.6107568004
110750,27.6231363004
110800,27.6355158004
110850,27.6478953004
110900,27.6602748004
110950,27.6726543004
111000,27.6850338004
111050,27.6974133004
111100,27.7097928004
111150,27.7221723004
111200,27.7345518004
111250,27.7469313004
111300,27.7593108004
111350,27.7716903004
111400,27.7840698004
111450,27.7964493004
111500,27.8088288004
111550,27.8212083004
111600,27.8335878004
111650,27.8459673004
111700,27.8583468004
111750,27.8707263004
111800,27.8831058004
111850,27.8954853004
111900,27.9078648004
111950,27.9202443004
112000,27.9326238004
112050,27.9450033004
112100,27.9573828004
112150,27.9697623004
112200,27.9821418004
112250,27.9945213004
112300,28.0069008004
112350,28.0192803004
112400,28.0316598004
112450,28.0440393004
112500,28.0564188004
112550,28.0687983004
112600,28.0811778004
112650,28.0935573004
112700,28.1059368004
112750,28.1183163004
112800,28.1306958004
112850,28.1430753004
112900,28.1554548004
112950,28.1678343004
113000,28.1802138004
113050,28.1925933004
113100,28.2049728004
113150,28.2173523004
113200,28.2297318004
113250,28.2421113004
113300,28.2544908004
113350,28.2668703004
113400,28.2792498004
113450,28.2916293004
113500,28.3040088004
113550,28.3163883004
113600,28.3287678004
113650,28.3411473004
113700,28.3535268004
113750,28.3659063004
113800,28.3782858004
113850,28.3906653004
113900,28.4030448004
113950,28.4154243004
114000,28.4278038004
114050,28.4401833004
114100,28.4525628004
114150,28.4649423004
114200,28.4773218004
114250,28.4897013004
114300,28.5020808004
114350,28.5144603004
114400,28.5268398004
114450,28.5392193004
114500,28.5515988004
114550,28.5639783004
114600,28.5763578004
114650,28.5887373004
114700,28.6011168004
114750,28.6134963004
114800,28.6258758004
114850,28.6382553004
114900,28.6506348004
114950,28.6630143005
115000,28.6753938005
115050,28.6877733005
115100,28.7001528005
115150,28.7125323005
115200,28.7249118005
115250,28.7372913005
115300,28.7496708005
115350,28.7620503005
115400,28.7744298005
115450,28.7868093005
115500,28.7991888005
115550,28.8115683005
115600,28.8239478005
115650,28.8363273005
115700,28.8487068005
115750,28.8610863005
115800,28.8734658005
115850,28.8858453005
115900,28.8982248005
115950,28.9106043005
116000,28.9229838005
116050,28.9353633005
116100,28.9477428005
116150,28.9601223005
116200,28.9725018005
116250,28.9848813005
116300,28.9972608005
116350,29.0096403005
116400,29.0220198005
116450,29.0343993005
116500,29.0467788005
116550,29.0591583005
116600,29.0715378005
116650,29.0839173005
116700,29.0962968005
116750,29.1086763005
116800,29.1210558005
116850,29.1334353005
116900,29.1458148005
116950,29.1581943005
117000,29.1705738005
117050,29.1829533005
117100,29.1953328005
117150,29.2077123005
117200,29.2200918005
117250,29.2324713005
117300,29.2448508005
117350,29.2572303005
117400,29.2696098005
117450,29.2819893005
117500,29.2943688005
117550,29.3067483005
117600,29.3191278005
117650,29.3315073005
117700,29.3438868005
117750,29.3562663005
117800,29.3686458005
117850,29.3810253005
117900,29.3934048005
117950,29.4057843005
118000,29.4181638005
118050,29.4305433005
118100,29.4429228005
118150,29.4553023005
118200,29.4676818005
118250,29.4800613005
118300,29.4924408005
118350,29.5048203005
118400,29.5171998005
118450,29.5295793005
118500,29.5419588005
118550,29.5543383005
118600,29.5667178005
118650,29.5790973005
118700,29.5914768005
118750,29.6038563005
118800,29.6162358005
118850,29.6286153005
118900,29.6409948005
118950,29.6533743005
119000,29.6657538005
119050,29.6781333005
119100,29.6905128005
119150,29.7028923005
119200,29.7152718005
119250,29.7276513005
119300,29.7400308005
119350,29.7524103005
119400,29.7647898005
119450,29.7771693005
119500,29.7895488005
119550,29.8019283005
119600,29.8143078005
119650,29.8266873005
119700,29.8390668005
119750,29.8514463005
119800,29.8638258005
119850,29.8762053005
119900,29.8816169705
119950,29.8837667205
