0,0.6998209000
50,0.7148289000
100,0.7269924000
150,0.7391559000
200,0.7513194000
250,0.7634829000
300,0.7756464000
350,0.7878099000
400,0.7999734000
450,0.8121369000
500,0.8243004000
550,0.8364639000
600,0.8486274000
650,0.8607909000
700,0.8729544000
750,0.8851179000
800,0.8972814000
850,0.9094449000
900,0.9216084000
950,0.9337719000
1000,0.9459354000
1050,0.9580989000
1100,0.9702624000
1150,0.9824259000
1200,0.9945894000
1250,1.0067529000
1300,1.0189164000
1350,1.0310799000
1400,1.0432434000
1450,1.0554069000
1500,1.0675704000
1550,1.0797339000
1600,1.0918974000
1650,1.1040609000
1700,1.1162244000
1750,1.1283879000
1800,1.1405514000
1850,1.1527149000
1900,1.1648784000
1950,1.1770419000
2000,1.1892054000
2050,1.2013689000
2100,1.2135324000
2150,1.2256959000
2200,1.2378594000
2250,1.2500229000
2300,1.2621864000
2350,1.2743499000
2400,1.2865134000
2450,1.2986769000
2500,1.3108404000
2550,1.3230039000
2600,1.3351674000
2650,1.3473309000
2700,1.3594944000
2750,1.3716579000
2800,1.3838214000
2850,1.3959849000
2900,1.4081484000
2950,1.4203119000
3000,1.4324754000
3050,1.4446389000
3100,1.4568024000
3150,1.4689659000
3200,1.4811294000
3250,1.4932929000
3300,1.5054564000
3350,1.5176199000
3400,1.5297834000
3450,1.5419469000
3500,1.5541104000
3550,1.5662739000
3600,1.5784374000
3650,1.5906009000
3700,1.6027644000
3750,1.6149279000
3800,1.6270914000
3850,1.6392549000
3900,1.6514184000
3950,1.6635819000
4000,1.6757454000
4050,1.6879089000
4100,1.7000724000
4150,1.7122359000
4200,1.7243994000
4250,1.7365629000
4300,1.7487264000
4350,1.7608899000
4400,1.7730534000
4450,1.7852169000
4500,1.7973804000
4550,1.8095439000
4600,1.8217074000
4650,1.8338709000
4700,1.8460344000
4750,1.8581979000
4800,1.8703614000
4850,1.8825249000
4900,1.8946884000
4950,1.9068519000
5000,1.9190154000
5050,1.9311789000
5100,1.9433424000
5150,1.9555059000
5200,1.9676694000
5250,1.9798329000
5300,1.9919964000
5350,2.0041599000
5400,2.0163234000
5450,2.0284869000
5500,2.0406504000
5550,2.0528139000
5600,2.0649774000
5650,2.0771409000
5700,2.0893044000
5750,2.1014679000
5800,2.1136314000
5850,2.1257949000
5900,2.1379584000
5950,2.1501219000
6000,2.1622854000
6050,2.1744489000
6100,2.1866124000
6150,2.1987759000
6200,2.2109394000
6250,2.2231029000
6300,2.2352664000
6350,2.2474299000
6400,2.2595934000
6450,2.2717569000
6500,2.2839204000
6550,2.2960839000
6600,2.3082474000
6650,2.3204109000
6700,2.3325744000
6750,2.3447379000
6800,2.3569014000
6850,2.3690649000
6900,2.3812284000
6950,2.3933919000
7000,2.4055554000
7050,2.4177189000
7100,2.4298824000
7150,2.4420459000
7200,2.4542094000
7250,2.4663729000
7300,2.4785364000
7350,2.4906999000
7400,2.5028634000
7450,2.5150269000
7500,2.5271904000
7550,2.5393539000
7600,2.5515174000
7650,2.5636809000
7700,2.5758444000
7750,2.5880079000
7800,2.6001714000
7850,2.6123349000
7900,2.6244984000
7950,2.6366619000
8000,2.6488254000
8050,2.6609889000
8100,2.6731524000
8150,2.6853159000
8200,2.6974794000
8250,2.7096429000
8300,2.7218064000
8350,2.7339699000
8400,2.7461334000
8450,2.7582969000
8500,2.7704604000
8550,2.7826239000
8600,2.7947874000
8650,2.8069509000
8700,2.8191144000
8750,2.8312779000
8800,2.8434414000
8850,2.8556049000
8900,2.8677684000
8950,2.8799319000
9000,2.8920954000
9050,2.9042589000
9100,2.9164224000
9150,2.9285859000
9200,2.9407494000
9250,2.9529129000
9300,2.9650764000
9350,2.9772399000
9400,2.9894034000
9450,3.0015669000
9500,3.0137304000
9550,3.0258939000
9600,3.0380574000
9650,3.0502209000
9700,3.0623844000
9750,3.0745479000
9800,3.0867114000
9850,3.0988749000
9900,3.1110384000
9950,3.1232019000
10000,3.1353654000
10050,3.1475289000
10100,3.1596924000
10150,3.1718559000
10200,3.1840194000
10250,3.1961829000
10300,3.2083464000
10350,3.2205099000
10400,3.2326734000
10450,3.2448369000
10500,3.2570004000
10550,3.2691639000
10600,3.2813274000
10650,3.2934909000
10700,3.3056544000
10750,3.3178179000
10800,3.3299814000
10850,3.3421449000
10900,3.3543084000
10950,3.3664719000
11000,3.3786354000
11050,3.3907989000
11100,3.4029624000
11150,3.4151259000
11200,3.4272894000
11250,3.4394529000
11300,3.4516164000
11350,3.4637799000
11400,3.4759434000
11450,3.4881069000
11500,3.5002704000
11550,3.5124339000
11600,3.5245974000
11650,3.5367609000
11700,3.5489244000
11750,3.5610879000
11800,3.5732514000
11850,3.5854149000
11900,3.5975784000
11950,3.6097419000
12000,3.6219054000
12050,3.6340689000
12100,3.6462324000
12150,3.6583959000
12200,3.6705594000
12250,3.6827229000
12300,3.6948864000
12350,3.7070499000
12400,3.7192134000
12450,3.7313769000
12500,3.7435404000
12550,3.7557039000
12600,3.7678674001
12650,3.7800309001
12700,3.7921944001
12750,3.8043579001
12800,3.8165214001
12850,3.8286849001
12900,3.8408484001
12950,3.8530119001
13000,3.8651754001
13050,3.8773389001
13100,3.8895024001
13150,3.9016659001
13200,3.9138294001
13250,3.9259929001
13300,3.9381564001
13350,3.9503199001
13400,3.9624834001
13450,3.9746469001
13500,3.9868104001
13550,3.9989739001
13600,4.0111374001
13650,4.0233009001
13700,4.0354644001
13750,4.0476279001
13800,4.0597914001
13850,4.0719549001
13900,4.0841184001
13950,4.0962819001
14000,4.1084454001
14050,4.1206089001
14100,4.1327724001
14150,4.1449359001
14200,4.1570994001
14250,4.1692629001
14300,4.1814264001
14350,4.1935899001
14400,4.2057534001
14450,4.2179169001
14500,4.2300804001
14550,4.2422439001
14600,4.2544074001
14650,4.2665709001
14700,4.2787344001
14750,4.2908979001
14800,4.3030614001
14850,4.3152249001
14900,4.3273884001
14950,4.3395519001
15000,4.3517154001
15050,4.3638789001
15100,4.3760424001
15150,4.3882059001
15200,4.4003694001
15250,4.4125329001
15300,4.4246964001
15350,4.4368599001
15400,4.4490234001
15450,4.4611869001
15500,4.4733504001
15550,4.4855139001
15600,4.4976774001
15650,4.5098409001
15700,4.5220044001
15750,4.5341679001
15800,4.5463314001
15850,4.5584949001
15900,4.5706584001
15950,4.5828219001
16000,4.5949854001
16050,4.6071489001
16100,4.6193124001
16150,4.6314759001
16200,4.6436394001
16250,4.6558029001
16300,4.6679664001
16350,4.6801299001
16400,4.6922934001
16450,4.7044569001
16500,4.7166204001
16550,4.7287839001
16600,4.7409474001
16650,4.7531109001
16700,4.7652744001
16750,4.7774379001
16800,4.7896014001
16850,4.8017649001
16900,4.8139284001
16950,4.8260919001
17000,4.8382554001
17050,4.8504189001
17100,4.8625824001
17150,4.8747459001
17200,4.8869094001
17250,4.8990729001
17300,4.9112364001
17350,4.9233999001
17400,4.9355634001
17450,4.9477269001
17500,4.9598904001
17550,4.9720539001
17600,4.9842174001
17650,4.9963809001
17700,5.0085444001
17750,5.0207079001
17800,5.0328714001
17850,5.0450349001
17900,5.0571984001
17950,5.0693619001
18000,5.0815254001
18050,5.0936889001
18100,5.1058524001
18150,5.1180159001
18200,5.1301794001
18250,5.1423429001
18300,5.1545064001
18350,5.1666699001
18400,5.1788334001
18450,5.1909969001
18500,5.2031604001
18550,5.2153239001
18600,5.2274874001
18650,5.2396509001
18700,5.2518144001
18750,5.2639779001
18800,5.2761414001
18850,5.2883049001
18900,5.3004684001
18950,5.3126319001
19000,5.3247954001
19050,5.3369589001
19100,5.3491224001
19150,5.3612859001
19200,5.3734494001
19250,5.3856129001
19300,5.3977764001
19350,5.4099399001
19400,5.4221034001
19450,5.4342669001
19500,5.4464304001
19550,5.4585939001
19600,5.4707574001
19650,5.4829209001
19700,5.4950844001
19750,5.5072479001
19800,5.5194114001
19850,5.5315749001
19900,5.5437384001
19950,5.5559019001
20000,5.5680654001
20050,5.5802289001
20100,5.5923924001
20150,5.6045559001
20200,5.6167194001
20250,5.6288829001
20300,5.6410464001
20350,5.6532099001
20400,5.6653734001
20450,5.6775369001
20500,5.6897004001
20550,5.7018639001
20600,5.7140274001
20650,5.7261909001
20700,5.7383544001
20750,5.7505179001
20800,5.7626814001
20850,5.7748449001
20900,5.7870084001
20950,5.7991719001
21000,5.8113354001
21050,5.8234989001
21100,5.8356624001
21150,5.8478259001
21200,5.8599894001
21250,5.8721529001
21300,5.8843164001
21350,5.8964799001
21400,5.9086434001
21450,5.9208069001
21500,5.9329704001
21550,5.9451339001
21600,5.9572974001
21650,5.9694609001
21700,5.9816244001
21750,5.9937879001
21800,6.0059514001
21850,6.0181149001
21900,6.0302784001
21950,6.0424419001
22000,6.0546054001
22050,6.0667689001
22100,6.0789324001
22150,6.0910959001
22200,6.1032594001
22250,6.1154229001
22300,6.1275864001
22350,6.1397499001
22400,6.1519134001
22450,6.1640769001
22500,6.1762404001
22550,6.1884039001
22600,6.2005674001
22650,6.2127309001
22700,6.2248944001
22750,6.2370579001
22800,6.2492214001
22850,6.2613849001
22900,6.2735484001
22950,6.2857119001
23000,6.2978754001
23050,6.3100389001
23100,6.3222024001
23150,6.3343659001
23200,6.3465294001
23250,6.3586929001
23300,6.3708564001
23350,6.3830199001
23400,6.3951834001
23450,6.4073469001
23500,6.4195104001
23550,6.4316739001
23600,6.4438374001
23650,6.4560009001
23700,6.4681644001
23750,6.4803279001
23800,6.4924914001
23850,6.5046549001
23900,6.5168184001
23950,6.5289819001
24000,6.5411454001
24050,6.5533089001
24100,6.5654724001
24150,6.5776359001
24200,6.5897994001
24250,6.6019629001
24300,6.6141264001
24350,6.6262899001
24400,6.6384534001
24450,6.6506169001
24500,6.6627804001
24550,6.6749439001
24600,6.6871074001
24650,6.6992709001
24700,6.7114344001
24750,6.7235979001
24800,6.7357614001
24850,6.7479249001
24900,6.7600884001
24950,6.7722519001
25000,6.7844154001
25050,6.7965789001
25100,6.8087424001
25150,6.8209059001
25200,6.8330694001
25250,6.8452329001
25300,6.8573964001
25350,6.8695599001
25400,6.8817234001
25450,6.8938869001
25500,6.9060504001
25550,6.9182139001
25600,6.9303774001
25650,6.9425409001
25700,6.9547044001
25750,6.9668679001
25800,6.9790314001
25850,6.9911949001
25900,7.0033584001
25950,7.0155219001
26000,7.0276854001
26050,7.0398489001
26100,7.0520124001
26150,7.0641759001
26200,7.0763394001
26250,7.0885029001
26300,7.1006664001
26350,7.1128299001
26400,7.1249934001
26450,7.1371569001
26500,7.1493204001
26550,7.1614839001
26600,7.1736474001
26650,7.1858109001
26700,7.1979744001
26750,7.2101379001
26800,7.2223014001
26850,7.2344649001
26900,7.2466284001
26950,7.2587919001
27000,7.2709554001
27050,7.2831189001
27100,7.2952824001
27150,7.3074459001
27200,7.3196094001
27250,7.3317729001
27300,7.3439364001
27350,7.3560999001
27400,7.3682634001
27450,7.3804269001
27500,7.3925904001
27550,7.4047539001
27600,7.4169174001
27650,7.4290809001
27700,7.4412444001
27750,7.4534079001
27800,7.4655714001
27850,7.4777349001
27900,7.4898984001
27950,7.5020619001
28000,7.5142254001
28050,7.5263889001
28100,7.5385524001
28150,7.5507159001
28200,7.5628794001
28250,7.5750429001
28300,7.5872064001
28350,7.5993699001
28400,7.6115334001
28450,7.6236969001
28500,7.6358604001
28550,7.6480239001
28600,7.6601874001
28650,7.6723509001
28700,7.6845144001
28750,7.6966779001
28800,7.7088414001
28850,7.7210049001
28900,7.7331684001
28950,7.7453319001
29000,7.7574954001
29050,7.7696589001
29100,7.7818224001
29150,7.7939859001
29200,7.8061494001
29250,7.8183129001
29300,7.8304764001
29350,7.8426399001
29400,7.8548034001
29450,7.8669669001
29500,7.8791304001
29550,7.8912939001
29600,7.9034574001
29650,7.9156209001
29700,7.9277844001
29750,7.9399479001
29800,7.9521114001
29850,7.9642749001
29900,7.9764384001
29950,7.9886019001
30000,8.0007654001
30050,8.0129289001
30100,8.0250924001
30150,8.0372559001
30200,8.0494194001
30250,8.0615829001
30300,8.0737464001
30350,8.0859099001
30400,8.0980734001
30450,8.1102369001
30500,8.1224004001
30550,8.1345639001
30600,8.1467274001
30650,8.1588909001
30700,8.1710544001
30750,8.1832179001
30800,8.1953814001
30850,8.2075449001
30900,8.2197084001
30950,8.2318719001
31000,8.2440354001
31050,8.2561989001
31100,8.2683624001
31150,8.2805259001
31200,8.2926894001
31250,8.3048529001
31300,8.3170164001
31350,8.3291799001
31400,8.3413434001
31450,8.3535069001
31500,8.3656704001
31550,8.3778339001
31600,8.3899974001
31650,8.4021609001
31700,8.4143244001
31750,8.4264879001
31800,8.4386514001
31850,8.4508149001
31900,8.4629784001
31950,8.4751419001
32000,8.4873054001
32050,8.4994689001
32100,8.5116324001
32150,8.5237959001
32200,8.5359594001
32250,8.5481229001
32300,8.5602864001
32350,8.5724499001
32400,8.5846134001
32450,8.5967769001
32500,8.6089404001
32550,8.6211039001
32600,8.6332674001
32650,8.6454309001
32700,8.6575944001
32750,8.6697579001
32800,8.6819214001
32850,8.6940849001
32900,8.7062484001
32950,8.7184119001
33000,8.7305754001
33050,8.7427389001
33100,8.7549024001
33150,8.7670659001
33200,8.7792294001
33250,8.7913929001
33300,8.8035564001
33350,8.8157199001
33400,8.8278834001
33450,8.8400469001
33500,8.8522104001
33550,8.8643739001
33600,8.8765374001
33650,8.8887009001
33700,8.9008644001
33750,8.9130279001
33800,8.9251914001
33850,8.9373549001
33900,8.9495184001
33950,8.9616819001
34000,8.9738454001
34050,8.9860089001
34100,8.9981724001
34150,9.0103359001
34200,9.0224994001
34250,9.0346629001
34300,9.0468264001
34350,9.0589899001
34400,9.0711534001
34450,9.0833169001
34500,9.0954804001
34550,9.1076439001
34600,9.1198074001
34650,9.1319709001
34700,9.1441344001
34750,9.1562979001
34800,9.1684614001
34850,9.1806249001
34900,9.1927884001
34950,9.2049519001
35000,9.2171154001
35050,9.2292789001
35100,9.2414424001
35150,9.2536059001
35200,9.2657694001
35250,9.2779329001
35300,9.2900964001
35350,9.3022599001
35400,9.3144234001
35450,9.3265869001
35500,9.3387504001
35550,9.3509139001
35600,9.3630774001
35650,9.3752409001
35700,9.3874044001
35750,9.3995679001
35800,9.4117314001
35850,9.4238949001
35900,9.4360584001
35950,9.4482219001
36000,9.4603854001
36050,9.4725489001
36100,9.4847124001
36150,9.4968759001
36200,9.5090394001
36250,9.5212029001
36300,9.5333664001
36350,9.5455299001
36400,9.5576934001
36450,9.5698569001
36500,9.5820204001
36550,9.5941839001
36600,9.6063474001
36650,9.6185109001
36700,9.6306744001
36750,9.6428379001
36800,9.6550014001
36850,9.6671649001
36900,9.6793284001
36950,9.6914919001
37000,9.7036554001
37050,9.7158189001
37100,9.7279824001
37150,9.7401459001
37200,9.7523094001
37250,9.7644729001
37300,9.7766364001
37350,9.7887999001
37400,9.8009634001
37450,9.8131269001
37500,9.8252904001
37550,9.8374539001
37600,9.8496174001
37650,9.8617809001
37700,9.8739444001
37750,9.8861079001
37800,9.8982714001
37850,9.9104349001
37900,9.9225984001
37950,9.9347619001
38000,9.9469254001
38050,9.9590889001
38100,9.9712524001
38150,9.9834159001
38200,9.9955794001
38250,10.0077429001
38300,10.0199064001
38350,10.0320699001
38400,10.0442334001
38450,10.0563969001
38500,10.0685604001
38550,10.0807239001
38600,10.0928874001
38650,10.1050509001
38700,10.1172144001
38750,10.1293779001
38800,10.1415414001
38850,10.1537049001
38900,10.1658684001
38950,10.1780319001
39000,10.1901954001
39050,10.2023589001
39100,10.2145224001
39150,10.2266859001
39200,10.2388494001
39250,10.2510129001
39300,10.2631764001
39350,10.2753399001
39400,10.2875034001
39450,10.2996669001
39500,10.3118304001
39550,10.3239939001
39600,10.3361574001
39650,10.3483209001
39700,10.3604844001
39750,10.3726479001
39800,10.3848114001
39850,10.3969749001
39900,10.4091384001
39950,10.4213019001
40000,10.4334654001
40050,10.4456289001
40100,10.4577924001
40150,10.4699559001
40200,10.4821194001
40250,10.4942829001
40300,10.5064464001
40350,10.5186099001
40400,10.5307734001
40450,10.5429369001
40500,10.5551004001
40550,10.5672639001
40600,10.5794274001
40650,10.5915909001
40700,10.6037544001
40750,10.6159179001
40800,10.6280814001
40850,10.6402449001
40900,10.6524084001
40950,10.6645719001
41000,10.6767354001
41050,10.6888989001
41100,10.7010624001
41150,10.7132259001
41200,10.7253894001
41250,10.7375529001
41300,10.7497164001
41350,10.7618799001
41400,10.7740434001
41450,10.7862069001
41500,10.7983704001
41550,10.8105339001
41600,10.8226974001
41650,10.8348609001
41700,10.8470244001
41750,10.8591879001
41800,10.8713514001
41850,10.8835149001
41900,10.8956784001
41950,10.9078419001
42000,10.9200054001
42050,10.9321689001
42100,10.9443324001
42150,10.9564959001
42200,10.9686594001
42250,10.9808229001
42300,10.9929864001
42350,11.0051499001
42400,11.0173134001
42450,11.0294769001
42500,11.0416404001
42550,11.0538039001
42600,11.0659674001
42650,11.0781309001
42700,11.0902944001
42750,11.1024579001
42800,11.1146214001
42850,11.1267849001
42900,11.1389484001
42950,11.1511119001
43000,11.1632754001
43050,11.1754389001
43100,11.1876024001
43150,11.1997659001
43200,11.2119294001
43250,11.2240929001
43300,11.2362564001
43350,11.2484199001
43400,11.2605834001
43450,11.2727469001
43500,11.2849104001
43550,11.2970739001
43600,11.3092374001
43650,11.3214009001
43700,11.3335644001
43750,11.3457279001
43800,11.3578914001
43850,11.3700549001
43900,11.3822184001
43950,11.3943819001
44000,11.4065454001
44050,11.4187089001
44100,11.4308724001
44150,11.4430359001
44200,11.4551994001
44250,11.4673629001
44300,11.4795264001
44350,11.4916899001
44400,11.5038534001
44450,11.5160169001
44500,11.5281804001
44550,11.5403439001
44600,11.5525074001
44650,11.5646709001
44700,11.5768344001
44750,11.5889979001
44800,11.6011614001
44850,11.6133249001
44900,11.6254884001
44950,11.6376519001
45000,11.6498154001
45050,11.6619789001
45100,11.6741424001
45150,11.6863059001
45200,11.6984694001
45250,11.7106329001
45300,11.7227964001
45350,11.7349599001
45400,11.7471234001
45450,11.7592869001
45500,11.7714504001
45550,11.7836139001
45600,11.7957774001
45650,11.8079409001
45700,11.8201044001
45750,11.8322679001
45800,11.8444314001
45850,11.8565949001
45900,11.8687584001
45950,11.8809219001
46000,11.8930854001
46050,11.9052489001
46100,11.9174124001
46150,11.9295759000
46200,11.9417394000
46250,11.9539029000
46300,11.9660664000
46350,11.9782299000
46400,11.9903934000
46450,12.0025569000
46500,12.0147204000
46550,12.0268839000
46600,12.0390474000
46650,12.0512109000
46700,12.0633744000
46750,12.0755379000
46800,12.0877014000
46850,12.0998649000
46900,12.1120284000
46950,12.1241919000
47000,12.1363554000
47050,12.1485189000
47100,12.1606824000
47150,12.1728459000
47200,12.1850094000
47250,12.1971729000
47300,12.2093364000
47350,12.2214999000
47400,12.2336634000
47450,12.2458269000
47500,12.2579904000
47550,12.2701539000
47600,12.2823174000
47650,12.2944809000
47700,12.3066444000
47750,12.3188079000
47800,12.3309714000
47850,12.3431349000
47900,12.3552984000
47950,12.3674619000
48000,12.3796254000
48050,12.3917889000
48100,12.4039524000
48150,12.4161159000
48200,12.4282794000
48250,12.4404429000
48300,12.4526064000
48350,12.4647699000
48400,12.4769334000
48450,12.4890969000
48500,12.5012604000
48550,12.5134239000
48600,12.5255874000
48650,12.5377509000
48700,12.5499144000
48750,12.5620779000
48800,12.5742414000
48850,12.5864049000
48900,12.5985684000
48950,12.6107319000
49000,12.6228954000
49050,12.6350589000
49100,12.6472224000
49150,12.6593859000
49200,12.6715494000
49250,12.6837129000
49300,12.6958764000
49350,12.7080399000
49400,12.7202034000
49450,12.7323669000
49500,12.7445304000
49550,12.7566939000
49600,12.7688574000
49650,12.7810209000
49700,12.7931844000
49750,12.8053479000
49800,12.8175114000
49850,12.8296749000
49900,12.8418384000
49950,12.8540019000
50000,12.8661654000
50050,12.8783289000
50100,12.8904924000
50150,12.9026559000
50200,12.9148194000
50250,12.9269829000
50300,12.9391464000
50350,12.9513099000
50400,12.9634734000
50450,12.9756369000
50500,12.9878004000
50550,12.9999639000
50600,13.0121274000
50650,13.0242909000
50700,13.0364544000
50750,13.0486179000
50800,13.0607814000
50850,13.0729449000
50900,13.0851084000
50950,13.0972719000
51000,13.1094354000
51050,13.1215989000
51100,13.1337624000
51150,13.1459259000
51200,13.1580894000
51250,13.1702529000
51300,13.1824164000
51350,13.1945799000
51400,13.2067434000
51450,13.2189069000
51500,13.2310704000
51550,13.2432339000
51600,13.2553974000
51650,13.2675609000
51700,13.2797244000
51750,13.2918879000
51800,13.3040514000
51850,13.3162149000
51900,13.3283784000
51950,13.3405419000
52000,13.3527054000
52050,13.3648689000
52100,13.3770324000
52150,13.3891959000
52200,13.4013594000
52250,13.4135229000
52300,13.4256864000
52350,13.4378499000
52400,13.4500134000
52450,13.4621769000
52500,13.4743404000
52550,13.4865039000
52600,13.4986674000
52650,13.5108309000
52700,13.5229944000
52750,13.5351579000
52800,13.5473214000
52850,13.5594849000
52900,13.5716484000
52950,13.5838119000
53000,13.5959754000
53050,13.6081389000
53100,13.6203024000
53150,13.6324659000
53200,13.6446294000
53250,13.6567929000
53300,13.6689564000
53350,13.6811199000
53400,13.6932834000
53450,13.7054469000
53500,13.7176104000
53550,13.7297739000
53600,13.7419374000
53650,13.7541009000
53700,13.7662644000
53750,13.7784279000
53800,13.7905914000
53850,13.8027549000
53900,13.8149184000
53950,13.8270819000
54000,13.8392454000
54050,13.8514089000
54100,13.8635724000
54150,13.8757359000
54200,13.8878994000
54250,13.9000629000
54300,13.9122264000
54350,13.9243899000
54400,13.9365534000
54450,13.9487169000
54500,13.9608804000
54550,13.9730439000
54600,13.9852074000
54650,13.9973709000
54700,14.0095344000
54750,14.0216979000
54800,14.0338614000
54850,14.0460249000
54900,14.0581884000
54950,14.0703519000
55000,14.0825154000
55050,14.0946789000
55100,14.1068424000
55150,14.1190059000
55200,14.1311694000
55250,14.1433329000
55300,14.1554964000
55350,14.1676599000
55400,14.1798234000
55450,14.1919869000
55500,14.2041504000
55550,14.2163139000
55600,14.2284774000
55650,14.2406409000
55700,14.2528044000
55750,14.2649679000
55800,14.2771314000
55850,14.2892949000
55900,14.3014584000
55950,14.3136219000
56000,14.3257854000
56050,14.3379489000
56100,14.3501124000
56150,14.3622759000
56200,14.3744394000
56250,14.3866029000
56300,14.3987664000
56350,14.4109299000
56400,14.4230934000
56450,14.4352569000
56500,14.4474204000
56550,14.4595839000
56600,14.4717474000
56650,14.4839109000
56700,14.4960744000
56750,14.5082379000
56800,14.5204014000
56850,14.5325649000
56900,14.5447284000
56950,14.5568919000
57000,14.5690554000
57050,14.5812189000
57100,14.5933824000
57150,14.6055459000
57200,14.6177094000
57250,14.6298729000
57300,14.6420364000
57350,14.6541999000
57400,14.6663634000
57450,14.6785269000
57500,14.6906904000
57550,14.7028539000
57600,14.7150174000
57650,14.7271809000
57700,14.7393444000
57750,14.7515079000
57800,14.7636714000
57850,14.7758349000
57900,14.7879984000
57950,14.8001619000
58000,14.8123254000
58050,14.8244889000
58100,14.8366524000
58150,14.8488159000
58200,14.8609794000
58250,14.8731429000
58300,14.8853064000
58350,14.8974699000
58400,14.9096334000
58450,14.9217969000
58500,14.9339604000
58550,14.9461239000
58600,14.9582874000
58650,14.9704509000
58700,14.9826144000
58750,14.9947779000
58800,15.0069414000
58850,15.0191049000
58900,15.0312684000
58950,15.0434319000
59000,15.0555954000
59050,15.0677589000
59100,15.0799224000
59150,15.0920859000
59200,15.1042494000
59250,15.1164129000
59300,15.1285764000
59350,15.1407399000
59400,15.1529034000
59450,15.1650669000
59500,15.1772304000
59550,15.1893939000
59600,15.2015574000
59650,15.2137209000
59700,15.2258844000
59750,15.2380479000
59800,15.2502114000
59850,15.2623749000
59900,15.2745384000
59950,15.2867019000
60000,15.2988654000
60050,15.3110289000
60100,15.3231924000
60150,15.3353559000
60200,15.3475194000
60250,15.3596829000
60300,15.3718464000
60350,15.3840099000
60400,15.3961734000
60450,15.4083369000
60500,15.4205004000
60550,15.4326639000
60600,15.4448274000
60650,15.4569909000
60700,15.4691544000
60750,15.4813179000
60800,15.4934814000
60850,15.5056449000
60900,15.5178084000
60950,15.5299719000
61000,15.5421354000
61050,15.5542989000
61100,15.5664624000
61150,15.5786259000
61200,15.5907894000
61250,15.6029529000
61300,15.6151164000
61350,15.6272799000
61400,15.6394434000
61450,15.6516069000
61500,15.6637704000
61550,15.6759339000
61600,15.6880974000
61650,15.7002609000
61700,15.7124244000
61750,15.7245879000
61800,15.7367514000
61850,15.7489149000
61900,15.7610784000
61950,15.7732419000
62000,15.7854054000
62050,15.7975689000
62100,15.8097324000
62150,15.8218959000
62200,15.8340594000
62250,15.8462229000
62300,15.8583864000
62350,15.8705499000
62400,15.8827134000
62450,15.8948769000
62500,15.9070404000
62550,15.9192039000
62600,15.9313674000
62650,15.9435309000
62700,15.9556944000
62750,15.9678578999
62800,15.9800213999
62850,15.9921848999
62900,16.0043483999
62950,16.0165118999
63000,16.0286753999
63050,16.0408388999
63100,16.0530023999
63150,16.0651658999
63200,16.0773293999
63250,16.0894928999
63300,16.1016563999
63350,16.1138198999
63400,16.1259833999
63450,16.1381468999
63500,16.1503103999
63550,16.1624738999
63600,16.1746373999
63650,16.1868008999
63700,16.1989643999
63750,16.2111278999
63800,16.2232913999
63850,16.2354548999
63900,16.2476183999
63950,16.2597818999
64000,16.2719453999
64050,16.2841088999
64100,16.2962723999
64150,16.3084358999
64200,16.3205993999
64250,16.3327628999
64300,16.3449263999
64350,16.3570898999
64400,16.3692533999
64450,16.3814168999
64500,16.3935803999
64550,16.4057438999
64600,16.4179073999
64650,16.4300708999
64700,16.4422343999
64750,16.4543978999
64800,16.4665613999
64850,16.4787248999
64900,16.4908883999
64950,16.5030518999
65000,16.5152153999
65050,16.5273788999
65100,16.5395423999
65150,16.5517058999
65200,16.5638693999
65250,16.5760328999
65300,16.5881963999
65350,16.6003598999
65400,16.6125233999
65450,16.6246868999
65500,16.6368503999
65550,16.6490138999
65600,16.6611773999
65650,16.6733408999
65700,16.6855043999
65750,16.6976679000
65800,16.7098314000
65850,16.7219949000
65900,16.7341584000
65950,16.7463219000
66000,16.7584854000
66050,16.7706489000
66100,16.7828124000
66150,16.7949759000
66200,16.8071394000
66250,16.8193029000
66300,16.8314664000
66350,16.8436299000
66400,16.8557934000
66450,16.8679569000
66500,16.8801204000
66550,16.8922839000
66600,16.9044474000
66650,16.9166109000
66700,16.9287744000
66750,16.9409379000
66800,16.9531014000
66850,16.9652649000
66900,16.9774284000
66950,16.9895919000
67000,17.0017554000
67050,17.0139189000
67100,17.0260824000
67150,17.0382459000
67200,17.0504094000
67250,17.0625729000
67300,17.0747364000
67350,17.0868999000
67400,17.0990634000
67450,17.1112269000
67500,17.1233904000
67550,17.1355539000
67600,17.1477174000
67650,17.1598809000
67700,17.1720444000
67750,17.1842079000
67800,17.1963714000
67850,17.2085349000
67900,17.2206984000
67950,17.2328619000
68000,17.2450254000
68050,17.2571889000
68100,17.2693524000
68150,17.2815159000
68200,17.2936794000
68250,17.3058429000
68300,17.3180064000
68350,17.3301699000
68400,17.3423334000
68450,17.3544969000
68500,17.3666604000
68550,17.3788239000
68600,17.3909874000
68650,17.4031509000
68700,17.4153144000
68750,17.4274779000
68800,17.4396414000
68850,17.4518049000
68900,17.4639684000
68950,17.4761319000
69000,17.4882954000
69050,17.5004589000
69100,17.5126224000
69150,17.5247859000
69200,17.5369494000
69250,17.5491129000
69300,17.5612764000
69350,17.5734399000
69400,17.5856034000
69450,17.5977669000
69500,17.6099304000
69550,17.6220939000
69600,17.6342574000
69650,17.6464209000
69700,17.6585844000
69750,17.6707479000
69800,17.6829114000
69850,17.6950749000
69900,17.7072384000
69950,17.7194019000
70000,17.7315654000
70050,17.7437289000
70100,17.7558924000
70150,17.7680559000
70200,17.7802194000
70250,17.7923829000
70300,17.8045464000
70350,17.8167099000
70400,17.8288734000
70450,17.8410369000
70500,17.8532004000
70550,17.8653639000
70600,17.8775274000
70650,17.8896909000
70700,17.9018544000
70750,17.9140179000
70800,17.9261814000
70850,17.9383449000
70900,17.9505084000
70950,17.9626719000
71000,17.9748354000
71050,17.9869989000
71100,17.9991624000
71150,18.0113259000
71200,18.0234894000
71250,18.0356529000
71300,18.0478164000
71350,18.0599799000
71400,18.0721434000
71450,18.0843069000
71500,18.0964704000
71550,18.1086339000
71600,18.1207974000
71650,18.1329609000
71700,18.1451244000
71750,18.1572879000
71800,18.1694514000
71850,18.1816149000
71900,18.1937784000
71950,18.2059419000
72000,18.2181054000
72050,18.2302689000
72100,18.2424324000
72150,18.2545959000
72200,18.2667594000
72250,18.2789229000
72300,18.2910864000
72350,18.3032499000
72400,18.3154134000
72450,18.3275769000
72500,18.3397404000
72550,18.3519039000
72600,18.3640674000
72650,18.3762309000
72700,18.3883944000
72750,18.4005579000
72800,18.4127214000
72850,18.4248849000
72900,18.4370484000
72950,18.4492119000
73000,18.4613754000
73050,18.4735389000
73100,18.4857024000
73150,18.4978659000
73200,18.5100294000
73250,18.5221929000
73300,18.5343564000
73350,18.5465199000
73400,18.5586834000
73450,18.5708469000
73500,18.5830104000
73550,18.5951739000
73600,18.6073374000
73650,18.6195009000
73700,18.6316644000
73750,18.6438279000
73800,18.6559914000
73850,18.6681549000
73900,18.6803184000
73950,18.6924819000
74000,18.7046454000
74050,18.7168089000
74100,18.7289724000
74150,18.7411359000
74200,18.7532994000
74250,18.7654629000
74300,18.7776264000
74350,18.7897899000
74400,18.8019534000
74450,18.8141169000
74500,18.8262804000
74550,18.8384439000
74600,18.8506074000
74650,18.8627709000
74700,18.8749344000
74750,18.8870979000
74800,18.8992614000
74850,18.9114249000
74900,18.9235884000
74950,18.9357519001
75000,18.9479154001
75050,18.9600789001
75100,18.9722424001
75150,18.9844059001
75200,18.9965694001
75250,19.0087329001
75300,19.0208964001
75350,19.0330599001
75400,19.0452234001
75450,19.0573869001
75500,19.0695504001
75550,19.0817139001
75600,19.0938774001
75650,19.1060409001
75700,19.1182044001
75750,19.1303679001
75800,19.1425314001
75850,19.1546949001
75900,19.1668584001
75950,19.1790219001
76000,19.1911854001
76050,19.2033489001
76100,19.2155124001
76150,19.2276759001
76200,19.2398394001
76250,19.2520029001
76300,19.2641664001
76350,19.2763299001
76400,19.2884934001
76450,19.3006569001
76500,19.3128204001
76550,19.3249839001
76600,19.3371474001
76650,19.3493109001
76700,19.3614744001
76750,19.3736379001
76800,19.3858014001
76850,19.3979649001
76900,19.4101284001
76950,19.4222919001
77000,19.4344554001
77050,19.4466189001
77100,19.4587824001
77150,19.4709459001
77200,19.4831094001
77250,19.4952729001
77300,19.5074364001
77350,19.5195999001
77400,19.5317634001
77450,19.5439269001
77500,19.5560904001
77550,19.5682539001
77600,19.5804174001
77650,19.5925809001
77700,19.6047444001
77750,19.6169079001
77800,19.6290714001
77850,19.6412349001
77900,19.6533984001
77950,19.6655619001
78000,19.6777254001
78050,19.6898889001
78100,19.7020524001
78150,19.7142159001
78200,19.7263794001
78250,19.7385429001
78300,19.7507064001
78350,19.7628699001
78400,19.7750334001
78450,19.7871969001
78500,19.7993604001
78550,19.8115239001
78600,19.8236874001
78650,19.8358509001
78700,19.8480144001
78750,19.8601779001
78800,19.8723414001
78850,19.8845049001
78900,19.8966684001
78950,19.9088319001
79000,19.9209954001
79050,19.9331589001
79100,19.9453224001
79150,19.9574859001
79200,19.9696494001
79250,19.9818129001
79300,19.9939764001
79350,20.0061399001
79400,20.0183034001
79450,20.0304669001
79500,20.0426304001
79550,20.0547939001
79600,20.0669574001
79650,20.0791209001
79700,20.0912844001
79750,20.1034479001
79800,20.1156114001
79850,20.1277749001
79900,20.1399384001
79950,20.1521019001
80000,20.1642654001
80050,20.1764289001
80100,20.1885924001
80150,20.2007559001
80200,20.2129194001
80250,20.2250829001
80300,20.2372464001
80350,20.2494099001
80400,20.2615734001
80450,20.2737369001
80500,20.2859004001
80550,20.2980639001
80600,20.3102274001
80650,20.3223909001
80700,20.3345544001
80750,20.3467179001
80800,20.3588814001
80850,20.3710449001
80900,20.3832084001
80950,20.3953719001
81000,20.4075354001
81050,20.4196989001
81100,20.4318624001
81150,20.4440259001
81200,20.4561894001
81250,20.4683529001
81300,20.4805164001
81350,20.4926799001
81400,20.5048434001
81450,20.5170069001
81500,20.5291704001
81550,20.5413339001
81600,20.5534974001
81650,20.5656609001
81700,20.5778244001
81750,20.5899879001
81800,20.6021514001
81850,20.6143149001
81900,20.6264784001
81950,20.6386419001
82000,20.6508054001
82050,20.6629689001
82100,20.6751324001
82150,20.6872959001
82200,20.6994594001
82250,20.7116229001
82300,20.7237864001
82350,20.7359499001
82400,20.7481134001
82450,20.7602769001
82500,20.7724404001
82550,20.7846039001
82600,20.7967674001
82650,20.8089309001
82700,20.8210944001
82750,20.8332579001
82800,20.8454214001
82850,20.8575849001
82900,20.8697484001
82950,20.8819119001
83000,20.8940754001
83050,20.9062389001
83100,20.9184024001
83150,20.9305659001
83200,20.9427294001
83250,20.9548929001
83300,20.9670564001
83350,20.9792199001
83400,20.9913834001
83450,21.0035469001
83500,21.0157104001
83550,21.0278739001
83600,21.0400374001
83650,21.0522009001
83700,21.0643644001
83750,21.0765279001
83800,21.0886914001
83850,21.1008549001
83900,21.1130184001
83950,21.1251819001
84000,21.1373454001
84050,21.1495089001
84100,21.1616724001
84150,21.1738359001
84200,21.1859994001
84250,21.1981629001
84300,21.2103264001
84350,21.2224899001
84400,21.2346534001
84450,21.2468169001
84500,21.2589804001
84550,21.2711439001
84600,21.2833074001
84650,21.2954709001
84700,21.3076344001
84750,21.3197979001
84800,21.3319614001
84850,21.3441249001
84900,21.3562884001
84950,21.3684519001
85000,21.3806154001
85050,21.3927789001
85100,21.4049424001
85150,21.4171059001
85200,21.4292694001
85250,21.4414329001
85300,21.4535964001
85350,21.4657599002
85400,21.4779234002
85450,21.4900869002
85500,21.5022504002
85550,21.5144139002
85600,21.5265774002
85650,21.5387409002
85700,21.5509044002
85750,21.5630679002
85800,21.5752314002
85850,21.5873949002
85900,21.5995584002
85950,21.6117219002
86000,21.6238854002
86050,21.6360489002
86100,21.6482124002
86150,21.6603759002
86200,21.6725394002
86250,21.6847029002
86300,21.6968664002
86350,21.7090299002
86400,21.7211934002
86450,21.7333569002
86500,21.7455204002
86550,21.7576839002
86600,21.7698474002
86650,21.7820109002
86700,21.7941744002
86750,21.8063379002
86800,21.8185014002
86850,21.8306649002
86900,21.8428284002
86950,21.8549919002
87000,21.8671554002
87050,21.8793189002
87100,21.8914824002
87150,21.9036459002
87200,21.9158094002
87250,21.9279729002
87300,21.9401364002
87350,21.9522999002
87400,21.9644634002
87450,21.9766269002
87500,21.9887904002
87550,22.0009539002
87600,22.0131174002
87650,22.0252809002
87700,22.0374444002
87750,22.0496079002
87800,22.0617714002
87850,22.0739349002
87900,22.0860984002
87950,22.0982619002
88000,22.1104254002
88050,22.1225889002
88100,22.1347524002
88150,22.1469159002
88200,22.1590794002
88250,22.1712429002
88300,22.1834064002
88350,22.1955699002
88400,22.2077334002
88450,22.2198969002
88500,22.2320604002
88550,22.2442239002
88600,22.2563874002
88650,22.2685509002
88700,22.2807144002
88750,22.2928779002
88800,22.3050414002
88850,22.3172049002
88900,22.3293684002
88950,22.3415319002
89000,22.3536954002
89050,22.3658589002
89100,22.3780224002
89150,22.3901859002
89200,22.4023494002
89250,22.4145129002
89300,22.4266764002
89350,22.4388399002
89400,22.4510034002
89450,22.4631669002
89500,22.4753304002
89550,22.4874939002
89600,22.4996574002
89650,22.5118209002
89700,22.5239844002
89750,22.5361479002
89800,22.5483114002
89850,22.5604749002
89900,22.5726384002
89950,22.5848019002
90000,22.5969654002
90050,22.6091289002
90100,22.6212924002
90150,22.6334559002
90200,22.6456194002
90250,22.6577829002
90300,22.6699464002
90350,22.6821099002
90400,22.6942734002
90450,22.7064369002
90500,22.7186004002
90550,22.7307639002
90600,22.7429274002
90650,22.7550909002
90700,22.7672544002
90750,22.7794179002
90800,22.7915814002
90850,22.8037449002
90900,22.8159084002
90950,22.8280719002
91000,22.8402354002
91050,22.8523989002
91100,22.8645624002
91150,22.8767259002
91200,22.8888894002
91250,22.9010529002
91300,22.9132164002
91350,22.9253799002
91400,22.9375434002
91450,22.9497069002
91500,22.9618704002
91550,22.9740339002
91600,22.9861974002
91650,22.9983609002
91700,23.0105244002
91750,23.0226879002
91800,23.0348514002
91850,23.0470149002
91900,23.0591784002
91950,23.0713419002
92000,23.0835054002
92050,23.0956689002
92100,23.1078324002
92150,23.1199959002
92200,23.1321594002
92250,23.1443229002
92300,23.1564864002
92350,23.1686499002
92400,23.1808134002
92450,23.1929769002
92500,23.2051404002
92550,23.2173039002
92600,23.2294674002
92650,23.2416309002
92700,23.2537944002
92750,23.2659579002
92800,23.2781214002
92850,23.2902849002
92900,23.3024484002
92950,23.3146119002
93000,23.3267754002
93050,23.3389389002
93100,23.3511024002
93150,23.3632659002
93200,23.3754294002
93250,23.3875929002
93300,23.3997564002
93350,23.4119199002
93400,23.4240834002
93450,23.4362469002
93500,23.4484104002
93550,23.4605739002
93600,23.4727374002
93650,23.4849009002
93700,23.4970644002
93750,23.5092279002
93800,23.5213914002
93850,23.5335549002
93900,23.5457184002
93950,23.5578819002
94000,23.5700454002
94050,23.5822089002
94100,23.5943724002
94150,23.6065359002
94200,23.6186994002
94250,23.6308629002
94300,23.6430264002
94350,23.6551899002
94400,23.6673534002
94450,23.6795169002
94500,23.6916804002
94550,23.7038439002
94600,23.7160074002
94650,23.7281709002
94700,23.7403344002
94750,23.7524979002
94800,23.7646614002
94850,23.7768249002
94900,23.7889884002
94950,23.8011519002
95000,23.8133154002
95050,23.8254789002
95100,23.8376424002
95150,23.8498059002
95200,23.8619694002
95250,23.8741329002
95300,23.8862964002
95350,23.8984599002
95400,23.9106234002
95450,23.9227869002
95500,23.9349504002
95550,23.9471139002
95600,23.9592774003
95650,23.9714409003
95700,23.9836044003
95750,23.9957679003
95800,24.0079314003
95850,24.0200949003
95900,24.0322584003
95950,24.0444219003
96000,24.0565854003
96050,24.0687489003
96100,24.0809124003
96150,24.0930759003
96200,24.1052394003
96250,24.1174029003
96300,24.1295664003
96350,24.1417299003
96400,24.1538934003
96450,24.1660569003
96500,24.1782204003
96550,24.1903839003
96600,24.2025474003
96650,24.2147109003
96700,24.2268744003
96750,24.2390379003
96800,24.2512014003
96850,24.2633649003
96900,24.2755284003
96950,24.2876919003
97000,24.2998554003
97050,24.3120189003
97100,24.3241824003
97150,24.3363459003
97200,24.3485094003
97250,24.3606729003
97300,24.3728364003
97350,24.3849999003
97400,24.3971634003
97450,24.4093269003
97500,24.4214904003
97550,24.4336539003
97600,24.4458174003
97650,24.4579809003
97700,24.4701444003
97750,24.4823079003
97800,24.4944714003
97850,24.5066349003
97900,24.5187984003
97950,24.5309619003
98000,24.5431254003
98050,24.5552889003
98100,24.5674524003
98150,24.5796159003
98200,24.5917794003
98250,24.6039429003
98300,24.6161064003
98350,24.6282699003
98400,24.6404334003
98450,24.6525969003
98500,24.6647604003
98550,24.6769239003
98600,24.6890874003
98650,24.7012509003
98700,24.7134144003
98750,24.7255779003
98800,24.7377414003
98850,24.7499049003
98900,24.7620684003
98950,24.7742319003
99000,24.7863954003
99050,24.7985589003
99100,24.8107224003
99150,24.8228859003
99200,24.8350494003
99250,24.8472129003
99300,24.8593764003
99350,24.8715399003
99400,24.8837034003
99450,24.8958669003
99500,24.9080304003
99550,24.9201939003
99600,24.9323574003
99650,24.9445209003
99700,24.9566844003
99750,24.9688479003
99800,24.9810114003
99850,24.9931749003
99900,25.0053384003
99950,25.0175019003
100000,25.0296654003
100050,25.0418289003
100100,25.0539924003
100150,25.0661559003
100200,25.0783194003
100250,25.0904829003
100300,25.1026464003
100350,25.1148099003
100400,25.1269734003
100450,25.1391369003
100500,25.1513004003
100550,25.1634639003
100600,25.1756274003
100650,25.1877909003
100700,25.1999544003
100750,25.2121179003
100800,25.2242814003
100850,25.2364449003
100900,25.2486084003
100950,25.2607719003
101000,25.2729354003
101050,25.2850989003
101100,25.2972624003
101150,25.3094259003
101200,25.3215894003
101250,25.3337529003
101300,25.3459164003
101350,25.3580799003
101400,25.3702434003
101450,25.3824069003
101500,25.3945704003
101550,25.4067339003
101600,25.4188974003
101650,25.4310609003
101700,25.4432244003
101750,25.4553879003
101800,25.4675514003
101850,25.4797149003
101900,25.4918784003
101950,25.5040419003
102000,25.5162054003
102050,25.5283689003
102100,25.5405324003
102150,25.5526959003
102200,25.5648594003
102250,25.5770229003
102300,25.5891864003
102350,25.6013499003
102400,25.6135134003
102450,25.6256769003
102500,25.6378404003
102550,25.6500039003
102600,25.6621674003
102650,25.6743309003
102700,25.6864944003
102750,25.6986579003
102800,25.7108214003
102850,25.7229849003
102900,25.7351484003
102950,25.7473119003
103000,25.7594754003
103050,25.7716389003
103100,25.7838024003
103150,25.7959659003
103200,25.8081294003
103250,25.8202929003
103300,25.8324564003
103350,25.8446199003
103400,25.8567834003
103450,25.8689469003
103500,25.8811104003
103550,25.8932739003
103600,25.9054374003
103650,25.9176009003
103700,25.9297644003
103750,25.9419279003
103800,25.9540914003
103850,25.9662549003
103900,25.9784184003
103950,25.9905819003
104000,26.0027454003
104050,26.0149089003
104100,26.0270724003
104150,26.0392359003
104200,26.0513994003
104250,26.0635629003
104300,26.0757264003
104350,26.0878899003
104400,26.1000534003
104450,26.1122169003
104500,26.1243804003
104550,26.1365439003
104600,26.1487074003
104650,26.1608709003
104700,26.1730344003
104750,26.1851979003
104800,26.1973614003
104850,26.2095249003
104900,26.2216884003
104950,26.2338519003
105000,26.2460154003
105050,26.2581789003
105100,26.2703424003
105150,26.2825059003
105200,26.2946694003
105250,26.3068329003
105300,26.3189964003
105350,26.3311599003
105400,26.3433234003
105450,26.3554869003
105500,26.3676504003
105550,26.3798139003
105600,26.3919774003
105650,26.4041409003
105700,26.4163044003
105750,26.4284679003
105800,26.4406314003
105850,26.4527949004
105900,26.4649584004
105950,26.4771219004
106000,26.4892854004
106050,26.5014489004
106100,26.5136124004
106150,26.5257759004
106200,26.5379394004
106250,26.5501029004
106300,26.5622664004
106350,26.5744299004
106400,26.5865934004
106450,26.5987569004
106500,26.6109204004
106550,26.6230839004
106600,26.6352474004
106650,26.6474109004
106700,26.6595744004
106750,26.6717379004
106800,26.6839014004
106850,26.6960649004
106900,26.7082284004
106950,26.7203919004
107000,26.7325554004
107050,26.7447189004
107100,26.7568824004
107150,26.7690459004
107200,26.7812094004
107250,26.7933729004
107300,26.8055364004
107350,26.8176999004
107400,26.8298634004
107450,26.8420269004
107500,26.8541904004
107550,26.8663539004
107600,26.8785174004
107650,26.8906809004
107700,26.9028444004
107750,26.9150079004
107800,26.9271714004
107850,26.9393349004
107900,26.9514984004
107950,26.9636619004
108000,26.9758254004
108050,26.9879889004
108100,27.0001524004
108150,27.0123159004
108200,27.0244794004
108250,27.0366429004
108300,27.0488064004
108350,27.0609699004
108400,27.0731334004
108450,27.0852969004
108500,27.0974604004
108550,27.1096239004
108600,27.1217874004
108650,27.1339509004
108700,27.1461144004
108750,27.1582779004
108800,27.1704414004
108850,27.1826049004
108900,27.1947684004
108950,27.2069319004
109000,27.2190954004
109050,27.2312589004
109100,27.2434224004
109150,27.2555859004
109200,27.2677494004
109250,27.2799129004
109300,27.2920764004
109350,27.3042399004
109400,27.3164034004
109450,27.3285669004
109500,27.3407304004
109550,27.3528939004
109600,27.3650574004
109650,27.3772209004
109700,27.3893844004
109750,27.4015479004
109800,27.4137114004
109850,27.4258749004
109900,27.4380384004
109950,27.4502019004
110000,27.4623654004
110050,27.4745289004
110100,27.4866924004
110150,27.4988559004
110200,27.5110194004
110250,27.5231829004
110300,27.5353464004
110350,27.5475099004
110400,27.5596734004
110450,27.5718369004
110500,27.5840004004
110550,27.5961639004
110600,27.6083274004
110650,27.6204909004
110700,27.6326544004
110750,27.6448179004
110800,27.6569814004
110850,27.6691449004
110900,27.6813084004
110950,27.6934719004
111000,27.7056354004
111050,27.7177989004
111100,27.7299624004
111150,27.7421259004
111200,27.7542894004
111250,27.7664529004
111300,27.7786164004
111350,27.7907799004
111400,27.8029434004
111450,27.8151069004
111500,27.8272704004
111550,27.8394339004
111600,27.8515974004
111650,27.8637609004
111700,27.8759244004
111750,27.8880879004
111800,27.9002514004
111850,27.9124149004
111900,27.9245784004
111950,27.9367419004
112000,27.9489054004
112050,27.9610689004
112100,27.9732324004
112150,27.9853959004
112200,27.9975594004
112250,28.0097229004
112300,28.0218864004
112350,28.0340499004
112400,28.0462134004
112450,28.0583769004
112500,28.0705404004
112550,28.0827039004
112600,28.0948674004
112650,28.1070309004
112700,28.1191944004
112750,28.1313579004
112800,28.1435214004
112850,28.1556849004
112900,28.1678484004
112950,28.1800119004
113000,28.1921754004
113050,28.2043389004
113100,28.2165024004
113150,28.2286659004
113200,28.2408294004
113250,28.2529929004
113300,28.2651564004
113350,28.2773199004
113400,28.2894834004
113450,28.3016469004
113500,28.3138104004
113550,28.3259739004
113600,28.3381374004
113650,28.3503009004
113700,28.3624644004
113750,28.3746279004
113800,28.3867914004
113850,28.3989549004
113900,28.4111184004
113950,28.4232819004
114000,28.4354454004
114050,28.4476089004
114100,28.4597724004
114150,28.4719359004
114200,28.4840994004
114250,28.4962629004
114300,28.5084264004
114350,28.5205899004
114400,28.5327534004
114450,28.5449169004
114500,28.5570804004
114550,28.5692439004
114600,28.5814074004
114650,28.5935709004
114700,28.6057344004
114750,28.6178979004
114800,28.6300614004
114850,28.6422249004
114900,28.6543884004
114950,28.6665519004
115000,28.6787154004
115050,28.6908789004
115100,28.7030424004
115150,28.7152059004
115200,28.7273694004
115250,28.7395329004
115300,28.7516964004
115350,28.7638599004
115400,28.7760234004
115450,28.7881869004
115500,28.8003504004
115550,28.8125139004
115600,28.8246774004
115650,28.8368409004
115700,28.8490044004
115750,28.8611679004
115800,28.8733314004
115850,28.8854949004
115900,28.8976584004
115950,28.9098219004
116000,28.9219854004
116050,28.9341489004
116100,28.9463124005
116150,28.9584759005
116200,28.9706394005
116250,28.9828029005
116300,28.9949664005
116350,29.0071299005
116400,29.0192934005
116450,29.0314569005
116500,29.0436204005
116550,29.0557839005
116600,29.0679474005
116650,29.0801109005
116700,29.0922744005
116750,29.1044379005
116800,29.1166014005
116850,29.1287649005
116900,29.1409284005
116950,29.1530919005
117000,29.1652554005
117050,29.1774189005
117100,29.1895824005
117150,29.2017459005
117200,29.2139094005
117250,29.2260729005
117300,29.2382364005
117350,29.2503999005
117400,29.2625634005
117450,29.2747269005
117500,29.2868904005
117550,29.2990539005
117600,29.3112174005
117650,29.3233809005
117700,29.3355444005
117750,29.3477079005
117800,29.3598714005
117850,29.3720349005
117900,29.3841984005
117950,29.3963619005
118000,29.4085254005
118050,29.4206889005
118100,29.4328524005
118150,29.4450159005
118200,29.4571794005
118250,29.4693429005
118300,29.4815064005
118350,29.4936699005
118400,29.5058334005
118450,29.5179969005
118500,29.5301604005
118550,29.5423239005
118600,29.5544874005
118650,29.5666509005
118700,29.5788144005
118750,29.5909779005
118800,29.6031414005
118850,29.6153049005
118900,29.6274684005
118950,29.6396319005
119000,29.6517954005
119050,29.6639589005
119100,29.6761224005
119150,29.6882859005
119200,29.7004494005
119250,29.7126129005
119300,29.7247764005
119350,29.7369399005
119400,29.7491034005
119450,29.7612669005
119500,29.7734304005
119550,29.7855939005
119600,29.7977574005
119650,29.8099209005
119700,29.8220844005
119750,29.8342479005
119800,29.8464114005
119850,29.8585749005
119900,29.8697864105
119950,29.8758281605
