0,0.6996593400
1,0.8460349100
2,0.9735401900
3,0.9889186800
4,1.0010821800
5,1.0132456800
6,1.0254091800
7,1.0375726800
8,1.0497361800
9,1.0618996800
10,1.0740631800
11,1.0862266800
12,1.0983901800
13,1.1105536800
14,1.1227171800
15,1.1348806800
16,1.1470441800
17,1.1592076800
18,1.1713711800
19,1.1835346800
20,1.1956981800
21,1.2078616800
22,1.2200251800
23,1.2321886800
24,1.2443521800
25,1.2565156800
26,1.2686791800
27,1.2808426800
28,1.2930061800
29,1.3051696800
30,1.3173331800
31,1.3294966800
32,1.3416601800
33,1.3538236800
34,1.3659871800
35,1.3781506800
36,1.3903141800
37,1.4024776800
38,1.4146411800
39,1.4268046800
40,1.4389681800
41,1.4511316800
42,1.4632951800
43,1.4754586800
44,1.4876221800
45,1.4997856800
46,1.5119491800
47,1.5241126800
48,1.5362761800
49,1.5484396800
50,1.5606031800
51,1.5727666800
52,1.5849301800
53,1.5970936800
54,1.6092571800
55,1.6214206800
56,1.6335841800
57,1.6457476800
58,1.6579111800
59,1.6700746800
60,1.6822381800
61,1.6944016800
62,1.7065651800
63,1.7187286800
64,1.7308921800
65,1.7430556800
66,1.7552191800
67,1.7673826800
68,1.7795461800
69,1.7917096800
70,1.8038731800
71,1.8160366800
72,1.8282001800
73,1.8403636800
74,1.8525271800
75,1.8646906800
76,1.8768541800
77,1.8890176800
78,1.9011811800
79,1.9133446800
80,1.9255081800
81,1.9376716800
82,1.9498351800
83,1.9619986800
84,1.9741621800
85,1.9863256800
86,1.9984891800
87,2.0106526800
88,2.0228161800
89,2.0349796800
90,2.0471431800
91,2.0593066800
92,2.0714701800
93,2.0836336800
94,2.0957971800
95,2.1079606800
96,2.1201241800
97,2.1322876800
98,2.1444511800
99,2.1566146800
100,2.1687781800
101,2.1809416800
102,2.1931051800
103,2.2052686800
104,2.2174321800
105,2.2295956800
106,2.2417591800
107,2.2539226800
108,2.2660861800
109,2.2782496800
110,2.2904131800
111,2.3025766800
112,2.3147401800
113,2.3269036800
114,2.3390671800
115,2.3512306800
116,2.3633941800
117,2.3755576800
118,2.3877211800
119,2.3998846800
120,2.4120481800
121,2.4242116800
122,2.4363751800
123,2.4485386800
124,2.4607021800
125,2.4728656800
126,2.4850291800
127,2.4971926800
128,2.5093561800
129,2.5215196800
130,2.5336831800
131,2.5458466800
132,2.5580101800
133,2.5701736800
134,2.5823371800
135,2.5945006800
136,2.6066641800
137,2.6188276800
138,2.6309911800
139,2.6431546800
140,2.6553181800
141,2.6674816800
142,2.6796451800
143,2.6918086800
144,2.7039721800
145,2.7161356800
146,2.7282991800
147,2.7404626800
148,2.7526261800
149,2.7647896800
150,2.7769531800
151,2.7891166800
152,2.8012801800
153,2.8134436800
154,2.8256071800
155,2.8377706800
156,2.8499341800
157,2.8620976800
158,2.8742611800
159,2.8864246800
160,2.8985881800
161,2.9107516800
162,2.9229151800
163,2.9350786800
164,2.9472421800
165,2.9594056800
166,2.9715691800
167,2.9837326800
168,2.9958961800
169,3.0080596800
170,3.0202231800
171,3.0323866800
172,3.0445501800
173,3.0567136800
174,3.0688771800
175,3.0810406800
176,3.0932041800
177,3.1053676800
178,3.1175311800
179,3.1296946800
180,3.1418581800
181,3.1540216800
182,3.1661851800
183,3.1783486800
184,3.1905121800
185,3.2026756800
186,3.2148391800
187,3.2270026800
188,3.2391661800
189,3.2513296800
190,3.2634931800
191,3.2756566800
192,3.2878201800
193,3.2999836800
194,3.3121471800
195,3.3243106800
196,3.3364741800
197,3.3486376800
198,3.3608011800
199,3.3729646800
200,3.3851281800
201,3.3972916800
202,3.4094551800
203,3.4216186800
204,3.4337821800
205,3.4459456800
206,3.4581091800
207,3.4702726800
208,3.4824361800
209,3.4945996800
210,3.5067631800
211,3.5189266800
212,3.5310901800
213,3.5432536800
214,3.5554171800
215,3.5675806800
216,3.5797441800
217,3.5919076800
218,3.6040711800
219,3.6162346800
220,3.6283981800
221,3.6405616800
222,3.6527251800
223,3.6648886800
224,3.6770521800
225,3.6892156800
226,3.7013791800
227,3.7135426800
228,3.7257061800
229,3.7378696800
230,3.7500331800
231,3.7621966800
232,3.7743601800
233,3.7865236801
234,3.7986871801
235,3.8108506801
236,3.8230141801
237,3.8351776801
238,3.8473411801
239,3.8595046801
240,3.8716681801
241,3.8838316801
242,3.8959951801
243,3.9081586801
244,3.9203221801
245,3.9324856801
246,3.9446491801
247,3.9568126801
248,3.9689761801
249,3.9811396801
250,3.9933031801
251,4.0054666801
252,4.0176301801
253,4.0297936801
254,4.0419571801
255,4.0541206801
256,4.0662841801
257,4.0784476801
258,4.0906111801
259,4.1027746801
260,4.1149381801
261,4.1271016801
262,4.1392651801
263,4.1514286801
264,4.1635921801
265,4.1757556801
266,4.1879191801
267,4.2000826801
268,4.2122461801
269,4.2244096801
270,4.2365731801
271,4.2487366801
272,4.2609001801
273,4.2730636801
274,4.2852271801
275,4.2973906801
276,4.3095541801
277,4.3217176801
278,4.3338811801
279,4.3460446801
280,4.3582081801
281,4.3703716801
282,4.3825351801
283,4.3946986801
284,4.4068621801
285,4.4190256801
286,4.4311891801
287,4.4433526801
288,4.4555161801
289,4.4676796801
290,4.4798431801
291,4.4920066801
292,4.5041701801
293,4.5163336801
294,4.5284971801
295,4.5406606801
296,4.5528241801
297,4.5649876801
298,4.5771511801
299,4.5893146801
300,4.6014781801
301,4.6136416801
302,4.6258051801
303,4.6379686801
304,4.6501321801
305,4.6622956801
306,4.6744591801
307,4.6866226801
308,4.6987861801
309,4.7109496801
310,4.7231131801
311,4.7352766801
312,4.7474401801
313,4.7596036801
314,4.7717671801
315,4.7839306801
316,4.7960941801
317,4.8082576801
318,4.8204211801
319,4.8325846801
320,4.8447481801
321,4.8569116801
322,4.8690751801
323,4.8812386801
324,4.8934021801
325,4.9055656801
326,4.9177291801
327,4.9298926801
328,4.9420561801
329,4.9542196801
330,4.9663831801
331,4.9785466801
332,4.9907101801
333,5.0028736801
334,5.0150371801
335,5.0272006801
336,5.0393641801
337,5.0515276801
338,5.0636911801
339,5.0758546801
340,5.0880181801
341,5.1001816801
342,5.1123451801
343,5.1245086801
344,5.1366721801
345,5.1488356801
346,5.1609991801
347,5.1731626801
348,5.1853261801
349,5.1974896801
350,5.2096531801
351,5.2218166801
352,5.2339801801
353,5.2461436801
354,5.2583071801
355,5.2704706801
356,5.2826341801
357,5.2947976801
358,5.3069611801
359,5.3191246801
360,5.3312881801
361,5.3434516801
362,5.3556151801
363,5.3677786801
364,5.3799421801
365,5.3921056801
366,5.4042691801
367,5.4164326801
368,5.4285961801
369,5.4407596801
370,5.4529231801
371,5.4650866801
372,5.4772501801
373,5.4894136801
374,5.5015771801
375,5.5137406801
376,5.5259041801
377,5.5380676801
378,5.5502311801
379,5.5623946801
380,5.5745581801
381,5.5867216801
382,5.5988851801
383,5.6110486801
384,5.6232121801
385,5.6353756801
386,5.6475391801
387,5.6597026801
388,5.6718661801
389,5.6840296801
390,5.6961931801
391,5.7083566801
392,5.7205201801
393,5.7326836801
394,5.7448471801
395,5.7570106801
396,5.7691741801
397,5.7813376801
398,5.7935011801
399,5.8056646801
400,5.8178281801
401,5.8299916801
402,5.8421551801
403,5.8543186801
404,5.8664821801
405,5.8786456801
406,5.8908091801
407,5.9029726801
408,5.9151361801
409,5.9272996801
410,5.9394631801
411,5.9516266801
412,5.9637901801
413,5.9759536801
414,5.9881171801
415,6.0002806801
416,6.0124441801
417,6.0246076801
418,6.0367711801
419,6.0489346801
420,6.0610981801
421,6.0732616801
422,6.0854251801
423,6.0975886801
424,6.1097521801
425,6.1219156801
426,6.1340791801
427,6.1462426801
428,6.1584061801
429,6.1705696801
430,6.1827331801
431,6.1948966801
432,6.2070601801
433,6.2192236801
434,6.2313871801
435,6.2435506801
436,6.2557141801
437,6.2678776801
438,6.2800411801
439,6.2922046801
440,6.3043681801
441,6.3165316801
442,6.3286951801
443,6.3408586801
444,6.3530221801
445,6.3651856801
446,6.3773491801
447,6.3895126801
448,6.4016761801
449,6.4138396801
450,6.4260031801
451,6.4381666801
452,6.4503301801
453,6.4624936801
454,6.4746571801
455,6.4868206801
456,6.4989841801
457,6.5111476801
458,6.5233111801
459,6.5354746801
460,6.5476381801
461,6.5598016801
462,6.5719651801
463,6.5841286801
464,6.5962921801
465,6.6084556801
466,6.6206191801
467,6.6327826801
468,6.6449461801
469,6.6571096801
470,6.6692731801
471,6.6814366801
472,6.6936001801
473,6.7057636801
474,6.7179271801
475,6.7300906801
476,6.7422541801
477,6.7544176801
478,6.7665811801
479,6.7787446801
480,6.7909081801
481,6.8030716801
482,6.8152351801
483,6.8273986801
484,6.8395621801
485,6.8517256801
486,6.8638891801
487,6.8760526801
488,6.8882161801
489,6.9003796801
490,6.9125431801
491,6.9247066801
492,6.9368701801
493,6.9490336801
494,6.9611971801
495,6.9733606801
496,6.9855241801
497,6.9976876801
498,7.0098511801
499,7.0220146801
500,7.0341781801
501,7.0463416801
502,7.0585051801
503,7.0706686801
504,7.0828321801
505,7.0949956801
506,7.1071591801
507,7.1193226801
508,7.1314861801
509,7.1436496801
510,7.1558131801
511,7.1679766801
512,7.1801401801
513,7.1923036801
514,7.2044671801
515,7.2166306801
516,7.2287941801
517,7.2409576801
518,7.2531211801
519,7.2652846801
520,7.2774481801
521,7.2896116801
522,7.3017751801
523,7.3139386801
524,7.3261021801
525,7.3382656801
526,7.3504291801
527,7.3625926801
528,7.3747561801
529,7.3869196801
530,7.3990831801
531,7.4112466801
532,7.4234101801
533,7.4355736801
534,7.4477371801
535,7.4599006801
536,7.4720641801
537,7.4842276801
538,7.4963911801
539,7.5085546801
540,7.5207181801
541,7.5328816801
542,7.5450451801
543,7.5572086801
544,7.5693721801
545,7.5815356801
546,7.5936991801
547,7.6058626801
548,7.6180261801
549,7.6301896801
550,7.6423531801
551,7.6545166801
552,7.6666801801
553,7.6788436801
554,7.6910071801
555,7.7031706801
556,7.7153341801
557,7.7274976801
558,7.7396611801
559,7.7518246801
560,7.7639881801
561,7.7761516801
562,7.7883151801
563,7.8004786801
564,7.8126421801
565,7.8248056801
566,7.8369691801
567,7.8491326801
568,7.8612961801
569,7.8734596801
570,7.8856231801
571,7.8977866801
572,7.9099501801
573,7.9221136801
574,7.9342771801
575,7.9464406801
576,7.9586041801
577,7.9707676801
578,7.9829311801
579,7.9950946801
580,8.0072581801
581,8.0194216801
582,8.0315851801
583,8.0437486801
584,8.0559121801
585,8.0680756801
586,8.0802391801
587,8.0924026801
588,8.1045661801
589,8.1167296801
590,8.1288931801
591,8.1410566801
592,8.1532201801
593,8.1653836801
594,8.1775471801
595,8.1897106801
596,8.2018741801
597,8.2140376801
598,8.2262011801
599,8.2383646801
600,8.2505281801
601,8.2626916801
602,8.2748551801
603,8.2870186801
604,8.2991821801
605,8.3113456801
606,8.3235091801
607,8.3356726801
608,8.3478361801
609,8.3599996801
610,8.3721631801
611,8.3843266801
612,8.3964901801
613,8.4086536801
614,8.4208171801
615,8.4329806801
616,8.4451441801
617,8.4573076801
618,8.4694711801
619,8.4816346801
620,8.4937981801
621,8.5059616801
622,8.5181251801
623,8.5302886801
624,8.5424521801
625,8.5546156801
626,8.5667791801
627,8.5789426801
628,8.5911061801
629,8.6032696801
630,8.6154331801
631,8.6275966801
632,8.6397601801
633,8.6519236801
634,8.6640871801
635,8.6762506801
636,8.6884141801
637,8.7005776801
638,8.7127411801
639,8.7249046801
640,8.7370681801
641,8.7492316801
642,8.7613951801
643,8.7735586801
644,8.7857221801
645,8.7978856801
646,8.8100491801
647,8.8222126801
648,8.8343761801
649,8.8465396801
650,8.8587031801
651,8.8708666801
652,8.8830301801
653,8.8951936801
654,8.9073571801
655,8.9195206801
656,8.9316841801
657,8.9438476801
658,8.9560111801
659,8.9681746801
660,8.9803381801
661,8.9925016801
662,9.0046651801
663,9.0168286801
664,9.0289921801
665,9.0411556801
666,9.0533191801
667,9.0654826801
668,9.0776461801
669,9.0898096801
670,9.1019731801
671,9.1141366801
672,9.1263001801
673,9.1384636801
674,9.1506271801
675,9.1627906801
676,9.1749541801
677,9.1871176801
678,9.1992811801
679,9.2114446801
680,9.2236081801
681,9.2357716801
682,9.2479351801
683,9.2600986801
684,9.2722621801
685,9.2844256801
686,9.2965891801
687,9.3087526801
688,9.3209161801
689,9.3330796801
690,9.3452431801
691,9.3574066801
692,9.3695701801
693,9.3817336801
694,9.3938971801
695,9.4060606801
696,9.4182241801
697,9.4303876801
698,9.4425511801
699,9.4547146801
700,9.4668781801
701,9.4790416801
702,9.4912051801
703,9.5033686801
704,9.5155321801
705,9.5276956801
706,9.5398591801
707,9.5520226801
708,9.5641861801
709,9.5763496801
710,9.5885131801
711,9.6006766801
712,9.6128401801
713,9.6250036801
714,9.6371671801
715,9.6493306801
716,9.6614941801
717,9.6736576801
718,9.6858211801
719,9.6979846801
720,9.7101481801
721,9.7223116801
722,9.7344751801
723,9.7466386801
724,9.7588021801
725,9.7709656801
726,9.7831291801
727,9.7952926801
728,9.8074561801
729,9.8196196801
730,9.8317831801
731,9.8439466801
732,9.8561101801
733,9.8682736801
734,9.8804371801
735,9.8926006801
736,9.9047641801
737,9.9169276801
738,9.9290911801
739,9.9412546801
740,9.9534181801
741,9.9655816801
742,9.9777451801
743,9.9899086801
744,10.0020721801
745,10.0142356801
746,10.0263991801
747,10.0385626801
748,10.0507261801
749,10.0628896801
750,10.0750531801
751,10.0872166801
752,10.0993801801
753,10.1115436801
754,10.1237071801
755,10.1358706801
756,10.1480341801
757,10.1601976801
758,10.1723611801
759,10.1845246801
760,10.1966881801
761,10.2088516801
762,10.2210151801
763,10.2331786801
764,10.2453421801
765,10.2575056801
766,10.2696691801
767,10.2818326801
768,10.2939961801
769,10.3061596801
770,10.3183231801
771,10.3304866801
772,10.3426501801
773,10.3548136801
774,10.3669771801
775,10.3791406801
776,10.3913041801
777,10.4034676801
778,10.4156311801
779,10.4277946801
780,10.4399581801
781,10.4521216801
782,10.4642851801
783,10.4764486801
784,10.4886121801
785,10.5007756801
786,10.5129391801
787,10.5251026801
788,10.5372661801
789,10.5494296801
790,10.5615931801
791,10.5737566801
792,10.5859201801
793,10.5980836801
794,10.6102471801
795,10.6224106801
796,10.6345741801
797,10.6467376801
798,10.6589011801
799,10.6710646801
800,10.6832281801
801,10.6953916801
802,10.7075551801
803,10.7197186801
804,10.7318821801
805,10.7440456801
806,10.7562091801
807,10.7683726801
808,10.7805361801
809,10.7926996801
810,10.8048631801
811,10.8170266801
812,10.8291901801
813,10.8413536801
814,10.8535171801
815,10.8656806801
816,10.8778441801
817,10.8900076801
818,10.9021711801
819,10.9143346801
820,10.9264981801
821,10.9386616801
822,10.9508251801
823,10.9629886801
824,10.9751521801
825,10.9873156801
826,10.9994791801
827,11.0116426801
828,11.0238061801
829,11.0359696801
830,11.0481331801
831,11.0602966801
832,11.0724601801
833,11.0846236801
834,11.0967871801
835,11.1089506801
836,11.1211141801
837,11.1332776801
838,11.1454411801
839,11.1576046801
840,11.1697681801
841,11.1819316801
842,11.1940951801
843,11.2062586801
844,11.2184221801
845,11.2305856801
846,11.2427491801
847,11.2549126801
848,11.2670761801
849,11.2792396801
850,11.2914031801
851,11.3035666801
852,11.3157301801
853,11.3278936801
854,11.3400571801
855,11.3522206801
856,11.3643841801
857,11.3765476801
858,11.3887111801
859,11.4008746801
860,11.4130381801
861,11.4252016801
862,11.4373651801
863,11.4495286801
864,11.4616921801
865,11.4738556801
866,11.4860191801
867,11.4981826801
868,11.5103461801
869,11.5225096801
870,11.5346731801
871,11.5468366801
872,11.5590001801
873,11.5711636801
874,11.5833271801
875,11.5954906801
876,11.6076541801
877,11.6198176801
878,11.6319811801
879,11.6441446801
880,11.6563081801
881,11.6684716801
882,11.6806351801
883,11.6927986801
884,11.7049621801
885,11.7171256801
886,11.7292891801
887,11.7414526801
888,11.7536161801
889,11.7657796801
890,11.7779431801
891,11.7901066801
892,11.8022701801
893,11.8144336801
894,11.8265971801
895,11.8387606801
896,11.8509241801
897,11.8630876801
898,11.8752511801
899,11.8874146801
900,11.8995781801
901,11.9117416801
902,11.9239051801
903,11.9360686801
904,11.9482321801
905,11.9603956801
906,11.9725591801
907,11.9847226800
908,11.9968861800
909,12.0090496800
910,12.0212131800
911,12.0333766800
912,12.0455401800
913,12.0577036800
914,12.0698671800
915,12.0820306800
916,12.0941941800
917,12.1063576800
918,12.1185211800
919,12.1306846800
920,12.1428481800
921,12.1550116800
922,12.1671751800
923,12.1793386800
924,12.1915021800
925,12.2036656800
926,12.2158291800
927,12.2279926800
928,12.2401561800
929,12.2523196800
930,12.2644831800
931,12.2766466800
932,12.2888101800
933,12.3009736800
934,12.3131371800
935,12.3253006800
936,12.3374641800
937,12.3496276800
938,12.3617911800
939,12.3739546800
940,12.3861181800
941,12.3982816800
942,12.4104451800
943,12.4226086800
944,12.4347721800
945,12.4469356800
946,12.4590991800
947,12.4712626800
948,12.4834261800
949,12.4955896800
950,12.5077531800
951,12.5199166800
952,12.5320801800
953,12.5442436800
954,12.5564071800
955,12.5685706800
956,12.5807341800
957,12.5928976800
958,12.6050611800
959,12.6172246800
960,12.6293881800
961,12.6415516800
962,12.6537151800
963,12.6658786800
964,12.6780421800
965,12.6902056800
966,12.7023691800
967,12.7145326800
968,12.7266961800
969,12.7388596800
970,12.7510231800
971,12.7631866800
972,12.7753501800
973,12.7875136800
974,12.7996771800
975,12.8118406800
976,12.8240041800
977,12.8361676800
978,12.8483311800
979,12.8604946800
980,12.8726581800
981,12.8848216800
982,12.8969851800
983,12.9091486800
984,12.9213121800
985,12.9334756800
986,12.9456391800
987,12.9578026800
988,12.9699661800
989,12.9821296800
990,12.9942931800
991,13.0064566800
992,13.0186201800
993,13.0307836800
994,13.0429471800
995,13.0551106800
996,13.0672741800
997,13.0794376800
998,13.0916011800
999,13.1037646800
1000,13.1159281800
1001,13.1280916800
1002,13.1402551800
1003,13.1524186800
1004,13.1645821800
1005,13.1767456800
1006,13.1889091800
1007,13.2010726800
1008,13.2132361800
1009,13.2253996800
1010,13.2375631800
1011,13.2497266800
1012,13.2618901800
1013,13.2740536800
1014,13.2862171800
1015,13.2983806800
1016,13.3105441800
1017,13.3227076800
1018,13.3348711800
1019,13.3470346800
1020,13.3591981800
1021,13.3713616800
1022,13.3835251800
1023,13.3956886800
1024,13.4078521800
1025,13.4200156800
1026,13.4321791800
1027,13.4443426800
1028,13.4565061800
1029,13.4686696800
1030,13.4808331800
1031,13.4929966800
1032,13.5051601800
1033,13.5173236800
1034,13.5294871800
1035,13.5416506800
1036,13.5538141800
1037,13.5659776800
1038,13.5781411800
1039,13.5903046800
1040,13.6024681800
1041,13.6146316800
1042,13.6267951800
1043,13.6389586800
1044,13.6511221800
1045,13.6632856800
1046,13.6754491800
1047,13.6876126800
1048,13.6997761800
1049,13.7119396800
1050,13.7241031800
1051,13.7362666800
1052,13.7484301800
1053,13.7605936800
1054,13.7727571800
1055,13.7849206800
1056,13.7970841800
1057,13.8092476800
1058,13.8214111800
1059,13.8335746800
1060,13.8457381800
1061,13.8579016800
1062,13.8700651800
1063,13.8822286800
1064,13.8943921800
1065,13.9065556800
1066,13.9187191800
1067,13.9308826800
1068,13.9430461800
1069,13.9552096800
1070,13.9673731800
1071,13.9795366800
1072,13.9917001800
1073,14.0038636800
1074,14.0160271800
1075,14.0281906800
1076,14.0403541800
1077,14.0525176800
1078,14.0646811800
1079,14.0768446800
1080,14.0890081800
1081,14.1011716800
1082,14.1133351800
1083,14.1254986800
1084,14.1376621800
1085,14.1498256800
1086,14.1619891800
1087,14.1741526800
1088,14.1863161800
1089,14.1984796800
1090,14.2106431800
1091,14.2228066800
1092,14.2349701800
1093,14.2471336800
1094,14.2592971800
1095,14.2714606800
1096,14.2836241800
1097,14.2957876800
1098,14.3079511800
1099,14.3201146800
1100,14.3322781800
1101,14.3444416800
1102,14.3566051800
1103,14.3687686800
1104,14.3809321800
1105,14.3930956800
1106,14.4052591800
1107,14.4174226800
1108,14.4295861800
1109,14.4417496800
1110,14.4539131800
1111,14.4660766800
1112,14.4782401800
1113,14.4904036800
1114,14.5025671800
1115,14.5147306800
1116,14.5268941800
1117,14.5390576800
1118,14.5512211800
1119,14.5633846800
1120,14.5755481800
1121,14.5877116800
1122,14.5998751800
1123,14.6120386800
1124,14.6242021800
1125,14.6363656800
1126,14.6485291800
1127,14.6606926800
1128,14.6728561800
1129,14.6850196800
1130,14.6971831800
1131,14.7093466800
1132,14.7215101800
1133,14.7336736800
1134,14.7458371800
1135,14.7580006800
1136,14.7701641800
1137,14.7823276800
1138,14.7944911800
1139,14.8066546800
1140,14.8188181800
1141,14.8309816800
1142,14.8431451800
1143,14.8553086800
1144,14.8674721800
1145,14.8796356800
1146,14.8917991800
1147,14.9039626800
1148,14.9161261800
1149,14.9282896800
1150,14.9404531800
1151,14.9526166800
1152,14.9647801800
1153,14.9769436800
1154,14.9891071800
1155,15.0012706800
1156,15.0134341800
1157,15.0255976800
1158,15.0377611800
1159,15.0499246800
1160,15.0620881800
1161,15.0742516800
1162,15.0864151800
1163,15.0985786800
1164,15.1107421800
1165,15.1229056800
1166,15.1350691800
1167,15.1472326800
1168,15.1593961800
1169,15.1715596800
1170,15.1837231800
1171,15.1958866800
1172,15.2080501800
1173,15.2202136800
1174,15.2323771800
1175,15.2445406800
1176,15.2567041800
1177,15.2688676800
1178,15.2810311800
1179,15.2931946800
1180,15.3053581800
1181,15.3175216800
1182,15.3296851800
1183,15.3418486800
1184,15.3540121800
1185,15.3661756800
1186,15.3783391800
1187,15.3905026800
1188,15.4026661800
1189,15.4148296800
1190,15.4269931800
1191,15.4391566800
1192,15.4513201800
1193,15.4634836800
1194,15.4756471800
1195,15.4878106800
1196,15.4999741800
1197,15.5121376800
1198,15.5243011800
1199,15.5364646800
1200,15.5486281800
1201,15.5607916800
1202,15.5729551800
1203,15.5851186800
1204,15.5972821800
1205,15.6094456800
1206,15.6216091800
1207,15.6337726800
1208,15.6459361800
1209,15.6580996800
1210,15.6702631800
1211,15.6824266800
1212,15.6945901800
1213,15.7067536800
1214,15.7189171800
1215,15.7310806800
1216,15.7432441800
1217,15.7554076800
1218,15.7675711800
1219,15.7797346800
1220,15.7918981800
1221,15.8040616800
1222,15.8162251800
1223,15.8283886800
1224,15.8405521800
1225,15.8527156800
1226,15.8648791800
1227,15.8770426800
1228,15.8892061800
1229,15.9013696800
1230,15.9135331800
1231,15.9256966800
1232,15.9378601800
1233,15.9500236800
1234,15.9621871800
1235,15.9743506800
1236,15.9865141800
1237,15.9986776800
1238,16.0108411800
1239,16.0230046799
1240,16.0351681799
1241,16.0473316799
1242,16.0594951799
1243,16.0716586799
1244,16.0838221799
1245,16.0959856799
1246,16.1081491799
1247,16.1203126799
1248,16.1324761799
1249,16.1446396799
1250,16.1568031799
1251,16.1689666799
1252,16.1811301799
1253,16.1932936799
1254,16.2054571799
1255,16.2176206799
1256,16.2297841799
1257,16.2419476799
1258,16.2541111799
1259,16.2662746799
1260,16.2784381799
1261,16.2906016799
1262,16.3027651799
1263,16.3149286799
1264,16.3270921799
1265,16.3392556799
1266,16.3514191799
1267,16.3635826799
1268,16.3757461799
1269,16.3879096799
1270,16.4000731799
1271,16.4122366799
1272,16.4244001799
1273,16.4365636799
1274,16.4487271799
1275,16.4608906799
1276,16.4730541799
1277,16.4852176799
1278,16.4973811799
1279,16.5095446799
1280,16.5217081799
1281,16.5338716799
1282,16.5460351799
1283,16.5581986799
1284,16.5703621799
1285,16.5825256799
1286,16.5946891799
1287,16.6068526799
1288,16.6190161799
1289,16.6311796799
1290,16.6433431799
1291,16.6555066799
1292,16.6676701800
1293,16.6798336800
1294,16.6919971800
1295,16.7041606800
1296,16.7163241800
1297,16.7284876800
1298,16.7406511800
1299,16.7528146800
1300,16.7649781800
1301,16.7771416800
1302,16.7893051800
1303,16.8014686800
1304,16.8136321800
1305,16.8257956800
1306,16.8379591800
1307,16.8501226800
1308,16.8622861800
1309,16.8744496800
1310,16.8866131800
1311,16.8987766800
1312,16.9109401800
1313,16.9231036800
1314,16.9352671800
1315,16.9474306800
1316,16.9595941800
1317,16.9717576800
1318,16.9839211800
1319,16.9960846800
1320,17.0082481800
1321,17.0204116800
1322,17.0325751800
1323,17.0447386800
1324,17.0569021800
1325,17.0690656800
1326,17.0812291800
1327,17.0933926800
1328,17.1055561800
1329,17.1177196800
1330,17.1298831800
1331,17.1420466800
1332,17.1542101800
1333,17.1663736800
1334,17.1785371800
1335,17.1907006800
1336,17.2028641800
1337,17.2150276800
1338,17.2271911800
1339,17.2393546800
1340,17.2515181800
1341,17.2636816800
1342,17.2758451800
1343,17.2880086800
1344,17.3001721800
1345,17.3123356800
1346,17.3244991800
1347,17.3366626800
1348,17.3488261800
1349,17.3609896800
1350,17.3731531800
1351,17.3853166800
1352,17.3974801800
1353,17.4096436800
1354,17.4218071800
1355,17.4339706800
1356,17.4461341800
1357,17.4582976800
1358,17.4704611800
1359,17.4826246800
1360,17.4947881800
1361,17.5069516800
1362,17.5191151800
1363,17.5312786800
1364,17.5434421800
1365,17.5556056800
1366,17.5677691800
1367,17.5799326800
1368,17.5920961800
1369,17.6042596800
1370,17.6164231800
1371,17.6285866800
1372,17.6407501800
1373,17.6529136800
1374,17.6650771800
1375,17.6772406800
1376,17.6894041800
1377,17.7015676800
1378,17.7137311800
1379,17.7258946800
1380,17.7380581800
1381,17.7502216800
1382,17.7623851800
1383,17.7745486800
1384,17.7867121800
1385,17.7988756800
1386,17.8110391800
1387,17.8232026800
1388,17.8353661800
1389,17.8475296800
1390,17.8596931800
1391,17.8718566800
1392,17.8840201800
1393,17.8961836800
1394,17.9083471800
1395,17.9205106800
1396,17.9326741800
1397,17.9448376800
1398,17.9570011800
1399,17.9691646800
1400,17.9813281800
1401,17.9934916800
1402,18.0056551800
1403,18.0178186800
1404,18.0299821800
1405,18.0421456800
1406,18.0543091800
1407,18.0664726800
1408,18.0786361800
1409,18.0907996800
1410,18.1029631800
1411,18.1151266800
1412,18.1272901800
1413,18.1394536800
1414,18.1516171800
1415,18.1637806800
1416,18.1759441800
1417,18.1881076800
1418,18.2002711800
1419,18.2124346800
1420,18.2245981800
1421,18.2367616800
1422,18.2489251800
1423,18.2610886800
1424,18.2732521800
1425,18.2854156800
1426,18.2975791800
1427,18.3097426800
1428,18.3219061800
1429,18.3340696800
1430,18.3462331800
1431,18.3583966800
1432,18.3705601800
1433,18.3827236800
1434,18.3948871800
1435,18.4070506800
1436,18.4192141800
1437,18.4313776800
1438,18.4435411800
1439,18.4557046800
1440,18.4678681800
1441,18.4800316800
1442,18.4921951800
1443,18.5043586800
1444,18.5165221800
1445,18.5286856800
1446,18.5408491800
1447,18.5530126800
1448,18.5651761800
1449,18.5773396800
1450,18.5895031800
1451,18.6016666800
1452,18.6138301800
1453,18.6259936800
1454,18.6381571800
1455,18.6503206800
1456,18.6624841800
1457,18.6746476800
1458,18.6868111800
1459,18.6989746800
1460,18.7111381800
1461,18.7233016800
1462,18.7354651800
1463,18.7476286800
1464,18.7597921800
1465,18.7719556800
1466,18.7841191800
1467,18.7962826800
1468,18.8084461800
1469,18.8206096800
1470,18.8327731800
1471,18.8449366800
1472,18.8571001800
1473,18.8692636800
1474,18.8814271800
1475,18.8935906801
1476,18.9057541801
1477,18.9179176801
1478,18.9300811801
1479,18.9422446801
1480,18.9544081801
1481,18.9665716801
1482,18.9787351801
1483,18.9908986801
1484,19.0030621801
1485,19.0152256801
1486,19.0273891801
1487,19.0395526801
1488,19.0517161801
1489,19.0638796801
1490,19.0760431801
1491,19.0882066801
1492,19.1003701801
1493,19.1125336801
1494,19.1246971801
1495,19.1368606801
1496,19.1490241801
1497,19.1611876801
1498,19.1733511801
1499,19.1855146801
1500,19.1976781801
1501,19.2098416801
1502,19.2220051801
1503,19.2341686801
1504,19.2463321801
1505,19.2584956801
1506,19.2706591801
1507,19.2828226801
1508,19.2949861801
1509,19.3071496801
1510,19.3193131801
1511,19.3314766801
1512,19.3436401801
1513,19.3558036801
1514,19.3679671801
1515,19.3801306801
1516,19.3922941801
1517,19.4044576801
1518,19.4166211801
1519,19.4287846801
1520,19.4409481801
1521,19.4531116801
1522,19.4652751801
1523,19.4774386801
1524,19.4896021801
1525,19.5017656801
1526,19.5139291801
1527,19.5260926801
1528,19.5382561801
1529,19.5504196801
1530,19.5625831801
1531,19.5747466801
1532,19.5869101801
1533,19.5990736801
1534,19.6112371801
1535,19.6234006801
1536,19.6355641801
1537,19.6477276801
1538,19.6598911801
1539,19.6720546801
1540,19.6842181801
1541,19.6963816801
1542,19.7085451801
1543,19.7207086801
1544,19.7328721801
1545,19.7450356801
1546,19.7571991801
1547,19.7693626801
1548,19.7815261801
1549,19.7936896801
1550,19.8058531801
1551,19.8180166801
1552,19.8301801801
1553,19.8423436801
1554,19.8545071801
1555,19.8666706801
1556,19.8788341801
1557,19.8909976801
1558,19.9031611801
1559,19.9153246801
1560,19.9274881801
1561,19.9396516801
1562,19.9518151801
1563,19.9639786801
1564,19.9761421801
1565,19.9883056801
1566,20.0004691801
1567,20.0126326801
1568,20.0247961801
1569,20.0369596801
1570,20.0491231801
1571,20.0612866801
1572,20.0734501801
1573,20.0856136801
1574,20.0977771801
1575,20.1099406801
1576,20.1221041801
1577,20.1342676801
1578,20.1464311801
1579,20.1585946801
1580,20.1707581801
1581,20.1829216801
1582,20.1950851801
1583,20.2072486801
1584,20.2194121801
1585,20.2315756801
1586,20.2437391801
1587,20.2559026801
1588,20.2680661801
1589,20.2802296801
1590,20.2923931801
1591,20.3045566801
1592,20.3167201801
1593,20.3288836801
1594,20.3410471801
1595,20.3532106801
1596,20.3653741801
1597,20.3775376801
1598,20.3897011801
1599,20.4018646801
1600,20.4140281801
1601,20.4261916801
1602,20.4383551801
1603,20.4505186801
1604,20.4626821801
1605,20.4748456801
1606,20.4870091801
1607,20.4991726801
1608,20.5113361801
1609,20.5234996801
1610,20.5356631801
1611,20.5478266801
1612,20.5599901801
1613,20.5721536801
1614,20.5843171801
1615,20.5964806801
1616,20.6086441801
1617,20.6208076801
1618,20.6329711801
1619,20.6451346801
1620,20.6572981801
1621,20.6694616801
1622,20.6816251801
1623,20.6937886801
1624,20.7059521801
1625,20.7181156801
1626,20.7302791801
1627,20.7424426801
1628,20.7546061801
1629,20.7667696801
1630,20.7789331801
1631,20.7910966801
1632,20.8032601801
1633,20.8154236801
1634,20.8275871801
1635,20.8397506801
1636,20.8519141801
1637,20.8640776801
1638,20.8762411801
1639,20.8884046801
1640,20.9005681801
1641,20.9127316801
1642,20.9248951801
1643,20.9370586801
1644,20.9492221801
1645,20.9613856801
1646,20.9735491801
1647,20.9857126801
1648,20.9978761801
1649,21.0100396801
1650,21.0222031801
1651,21.0343666801
1652,21.0465301801
1653,21.0586936801
1654,21.0708571801
1655,21.0830206801
1656,21.0951841801
1657,21.1073476801
1658,21.1195111801
1659,21.1316746801
1660,21.1438381801
1661,21.1560016801
1662,21.1681651801
1663,21.1803286801
1664,21.1924921801
1665,21.2046556801
1666,21.2168191801
1667,21.2289826801
1668,21.2411461801
1669,21.2533096801
1670,21.2654731801
1671,21.2776366801
1672,21.2898001801
1673,21.3019636801
1674,21.3141271801
1675,21.3262906801
1676,21.3384541801
1677,21.3506176801
1678,21.3627811801
1679,21.3749446801
1680,21.3871081801
1681,21.3992716801
1682,21.4114351801
1683,21.4235986801
1684,21.4357621802
1685,21.4479256802
1686,21.4600891802
1687,21.4722526802
1688,21.4844161802
1689,21.4965796802
1690,21.5087431802
1691,21.5209066802
1692,21.5330701802
1693,21.5452336802
1694,21.5573971802
1695,21.5695606802
1696,21.5817241802
1697,21.5938876802
1698,21.6060511802
1699,21.6182146802
1700,21.6303781802
1701,21.6425416802
1702,21.6547051802
1703,21.6668686802
1704,21.6790321802
1705,21.6911956802
1706,21.7033591802
1707,21.7155226802
1708,21.7276861802
1709,21.7398496802
1710,21.7520131802
1711,21.7641766802
1712,21.7763401802
1713,21.7885036802
1714,21.8006671802
1715,21.8128306802
1716,21.8249941802
1717,21.8371576802
1718,21.8493211802
1719,21.8614846802
1720,21.8736481802
1721,21.8858116802
1722,21.8979751802
1723,21.9101386802
1724,21.9223021802
1725,21.9344656802
1726,21.9466291802
1727,21.9587926802
1728,21.9709561802
1729,21.9831196802
1730,21.9952831802
1731,22.0074466802
1732,22.0196101802
1733,22.0317736802
1734,22.0439371802
1735,22.0561006802
1736,22.0682641802
1737,22.0804276802
1738,22.0925911802
1739,22.1047546802
1740,22.1169181802
1741,22.1290816802
1742,22.1412451802
1743,22.1534086802
1744,22.1655721802
1745,22.1777356802
1746,22.1898991802
1747,22.2020626802
1748,22.2142261802
1749,22.2263896802
1750,22.2385531802
1751,22.2507166802
1752,22.2628801802
1753,22.2750436802
1754,22.2872071802
1755,22.2993706802
1756,22.3115341802
1757,22.3236976802
1758,22.3358611802
1759,22.3480246802
1760,22.3601881802
1761,22.3723516802
1762,22.3845151802
1763,22.3966786802
1764,22.4088421802
1765,22.4210056802
1766,22.4331691802
1767,22.4453326802
1768,22.4574961802
1769,22.4696596802
1770,22.4818231802
1771,22.4939866802
1772,22.5061501802
1773,22.5183136802
1774,22.5304771802
1775,22.5426406802
1776,22.5548041802
1777,22.5669676802
1778,22.5791311802
1779,22.5912946802
1780,22.6034581802
1781,22.6156216802
1782,22.6277851802
1783,22.6399486802
1784,22.6521121802
1785,22.6642756802
1786,22.6764391802
1787,22.6886026802
1788,22.7007661802
1789,22.7129296802
1790,22.7250931802
1791,22.7372566802
1792,22.7494201802
1793,22.7615836802
1794,22.7737471802
1795,22.7859106802
1796,22.7980741802
1797,22.8102376802
1798,22.8224011802
1799,22.8345646802
1800,22.8467281802
1801,22.8588916802
1802,22.8710551802
1803,22.8832186802
1804,22.8953821802
1805,22.9075456802
1806,22.9197091802
1807,22.9318726802
1808,22.9440361802
1809,22.9561996802
1810,22.9683631802
1811,22.9805266802
1812,22.9926901802
1813,23.0048536802
1814,23.0170171802
1815,23.0291806802
1816,23.0413441802
1817,23.0535076802
1818,23.0656711802
1819,23.0778346802
1820,23.0899981802
1821,23.1021616802
1822,23.1143251802
1823,23.1264886802
1824,23.1386521802
1825,23.1508156802
1826,23.1629791802
1827,23.1751426802
1828,23.1873061802
1829,23.1994696802
1830,23.2116331802
1831,23.2237966802
1832,23.2359601802
1833,23.2481236802
1834,23.2602871802
1835,23.2724506802
1836,23.2846141802
1837,23.2967776802
1838,23.3089411802
1839,23.3211046802
1840,23.3332681802
1841,23.3454316802
1842,23.3575951802
1843,23.3697586802
1844,23.3819221802
1845,23.3940856802
1846,23.4062491802
1847,23.4184126802
1848,23.4305761802
1849,23.4427396802
1850,23.4549031802
1851,23.4670666802
1852,23.4792301802
1853,23.4913936802
1854,23.5035571802
1855,23.5157206802
1856,23.5278841802
1857,23.5400476802
1858,23.5522111802
1859,23.5643746802
1860,23.5765381802
1861,23.5887016802
1862,23.6008651802
1863,23.6130286802
1864,23.6251921802
1865,23.6373556802
1866,23.6495191802
1867,23.6616826802
1868,23.6738461802
1869,23.6860096802
1870,23.6981731802
1871,23.7103366802
1872,23.7225001802
1873,23.7346636802
1874,23.7468271802
1875,23.7589906802
1876,23.7711541802
1877,23.7833176802
1878,23.7954811802
1879,23.8076446802
1880,23.8198081802
1881,23.8319716802
1882,23.8441351802
1883,23.8562986802
1884,23.8684621802
1885,23.8806256802
1886,23.8927891802
1887,23.9049526802
1888,23.9171161803
1889,23.9292796803
1890,23.9414431803
1891,23.9536066803
1892,23.9657701803
1893,23.9779336803
1894,23.9900971803
1895,24.0022606803
1896,24.0144241803
1897,24.0265876803
1898,24.0387511803
1899,24.0509146803
1900,24.0630781803
1901,24.0752416803
1902,24.0874051803
1903,24.0995686803
1904,24.1117321803
1905,24.1238956803
1906,24.1360591803
1907,24.1482226803
1908,24.1603861803
1909,24.1725496803
1910,24.1847131803
1911,24.1968766803
1912,24.2090401803
1913,24.2212036803
1914,24.2333671803
1915,24.2455306803
1916,24.2576941803
1917,24.2698576803
1918,24.2820211803
1919,24.2941846803
1920,24.3063481803
1921,24.3185116803
1922,24.3306751803
1923,24.3428386803
1924,24.3550021803
1925,24.3671656803
1926,24.3793291803
1927,24.3914926803
1928,24.4036561803
1929,24.4158196803
1930,24.4279831803
1931,24.4401466803
1932,24.4523101803
1933,24.4644736803
1934,24.4766371803
1935,24.4888006803
1936,24.5009641803
1937,24.5131276803
1938,24.5252911803
1939,24.5374546803
1940,24.5496181803
1941,24.5617816803
1942,24.5739451803
1943,24.5861086803
1944,24.5982721803
1945,24.6104356803
1946,24.6225991803
1947,24.6347626803
1948,24.6469261803
1949,24.6590896803
1950,24.6712531803
1951,24.6834166803
1952,24.6955801803
1953,24.7077436803
1954,24.7199071803
1955,24.7320706803
1956,24.7442341803
1957,24.7563976803
1958,24.7685611803
1959,24.7807246803
1960,24.7928881803
1961,24.8050516803
1962,24.8172151803
1963,24.8293786803
1964,24.8415421803
1965,24.8537056803
1966,24.8658691803
1967,24.8780326803
1968,24.8901961803
1969,24.9023596803
1970,24.9145231803
1971,24.9266866803
1972,24.9388501803
1973,24.9510136803
1974,24.9631771803
1975,24.9753406803
1976,24.9875041803
1977,24.9996676803
1978,25.0118311803
1979,25.0239946803
1980,25.0361581803
1981,25.0483216803
1982,25.0604851803
1983,25.0726486803
1984,25.0848121803
1985,25.0969756803
1986,25.1091391803
1987,25.1213026803
1988,25.1334661803
1989,25.1456296803
1990,25.1577931803
1991,25.1699566803
1992,25.1821201803
1993,25.1942836803
1994,25.2064471803
1995,25.2186106803
1996,25.2307741803
1997,25.2429376803
1998,25.2551011803
1999,25.2672646803
2000,25.2794281803
2001,25.2915916803
2002,25.3037551803
2003,25.3159186803
2004,25.3280821803
2005,25.3402456803
2006,25.3524091803
2007,25.3645726803
2008,25.3767361803
2009,25.3888996803
2010,25.4010631803
2011,25.4132266803
2012,25.4253901803
2013,25.4375536803
2014,25.4497171803
2015,25.4618806803
2016,25.4740441803
2017,25.4862076803
2018,25.4983711803
2019,25.5105346803
2020,25.5226981803
2021,25.5348616803
2022,25.5470251803
2023,25.5591886803
2024,25.5713521803
2025,25.5835156803
2026,25.5956791803
2027,25.6078426803
2028,25.6200061803
2029,25.6321696803
2030,25.6443331803
2031,25.6564966803
2032,25.6686601803
2033,25.6808236803
2034,25.6929871803
2035,25.7051506803
2036,25.7173141803
2037,25.7294776803
2038,25.7416411803
2039,25.7538046803
2040,25.7659681803
2041,25.7781316803
2042,25.7902951803
2043,25.8024586803
2044,25.8146221803
2045,25.8267856803
2046,25.8389491803
2047,25.8511126803
2048,25.8632761803
2049,25.8754396803
2050,25.8876031803
2051,25.8997666803
2052,25.9119301803
2053,25.9240936803
2054,25.9362571803
2055,25.9484206803
2056,25.9605841803
2057,25.9727476803
2058,25.9849111803
2059,25.9970746803
2060,26.0092381803
2061,26.0214016803
2062,26.0335651803
2063,26.0457286803
2064,26.0578921803
2065,26.0700556803
2066,26.0822191803
2067,26.0943826803
2068,26.1065461803
2069,26.1187096803
2070,26.1308731803
2071,26.1430366803
2072,26.1552001803
2073,26.1673636803
2074,26.1795271803
2075,26.1916906803
2076,26.2038541803
2077,26.2160176803
2078,26.2281811803
2079,26.2403446803
2080,26.2525081803
2081,26.2646716803
2082,26.2768351803
2083,26.2889986803
2084,26.3011621803
2085,26.3133256803
2086,26.3254891803
2087,26.3376526803
2088,26.3498161803
2089,26.3619796803
2090,26.3741431803
2091,26.3863066803
2092,26.3984701803
2093,26.4106336803
2094,26.4227971804
2095,26.4349606804
2096,26.4471241804
2097,26.4592876804
2098,26.4714511804
2099,26.4836146804
2100,26.4957781804
2101,26.5079416804
2102,26.5201051804
2103,26.5322686804
2104,26.5444321804
2105,26.5565956804
2106,26.5687591804
2107,26.5809226804
2108,26.5930861804
2109,26.6052496804
2110,26.6174131804
2111,26.6295766804
2112,26.6417401804
2113,26.6539036804
2114,26.6660671804
2115,26.6782306804
2116,26.6903941804
2117,26.7025576804
2118,26.7147211804
2119,26.7268846804
2120,26.7390481804
2121,26.7512116804
2122,26.7633751804
2123,26.7755386804
2124,26.7877021804
2125,26.7998656804
2126,26.8120291804
2127,26.8241926804
2128,26.8363561804
2129,26.8485196804
2130,26.8606831804
2131,26.8728466804
2132,26.8850101804
2133,26.8971736804
2134,26.9093371804
2135,26.9215006804
2136,26.9336641804
2137,26.9458276804
2138,26.9579911804
2139,26.9701546804
2140,26.9823181804
2141,26.9944816804
2142,27.0066451804
2143,27.0188086804
2144,27.0309721804
2145,27.0431356804
2146,27.0552991804
2147,27.0674626804
2148,27.0796261804
2149,27.0917896804
2150,27.1039531804
2151,27.1161166804
2152,27.1282801804
2153,27.1404436804
2154,27.1526071804
2155,27.1647706804
2156,27.1769341804
2157,27.1890976804
2158,27.2012611804
2159,27.2134246804
2160,27.2255881804
2161,27.2377516804
2162,27.2499151804
2163,27.2620786804
2164,27.2742421804
2165,27.2864056804
2166,27.2985691804
2167,27.3107326804
2168,27.3228961804
2169,27.3350596804
2170,27.3472231804
2171,27.3593866804
2172,27.3715501804
2173,27.3837136804
2174,27.3958771804
2175,27.4080406804
2176,27.4202041804
2177,27.4323676804
2178,27.4445311804
2179,27.4566946804
2180,27.4688581804
2181,27.4810216804
2182,27.4931851804
2183,27.5053486804
2184,27.5175121804
2185,27.5296756804
2186,27.5418391804
2187,27.5540026804
2188,27.5661661804
2189,27.5783296804
2190,27.5904931804
2191,27.6026566804
2192,27.6148201804
2193,27.6269836804
2194,27.6391471804
2195,27.6513106804
2196,27.6634741804
2197,27.6756376804
2198,27.6878011804
2199,27.6999646804
2200,27.7121281804
2201,27.7242916804
2202,27.7364551804
2203,27.7486186804
2204,27.7607821804
2205,27.7729456804
2206,27.7851091804
2207,27.7972726804
2208,27.8094361804
2209,27.8215996804
2210,27.8337631804
2211,27.8459266804
2212,27.8580901804
2213,27.8702536804
2214,27.8824171804
2215,27.8945806804
2216,27.9067441804
2217,27.9189076804
2218,27.9310711804
2219,27.9432346804
2220,27.9553981804
2221,27.9675616804
2222,27.9797251804
2223,27.9918886804
2224,28.0040521804
2225,28.0162156804
2226,28.0283791804
2227,28.0405426804
2228,28.0527061804
2229,28.0648696804
2230,28.0770331804
2231,28.0891966804
2232,28.1013601804
2233,28.1135236804
2234,28.1256871804
2235,28.1378506804
2236,28.1500141804
2237,28.1621776804
2238,28.1743411804
2239,28.1865046804
2240,28.1986681804
2241,28.2108316804
2242,28.2229951804
2243,28.2351586804
2244,28.2473221804
2245,28.2594856804
2246,28.2716491804
2247,28.2838126804
2248,28.2959761804
2249,28.3081396804
2250,28.3203031804
2251,28.3324666804
2252,28.3446301804
2253,28.3567936804
2254,28.3689571804
2255,28.3811206804
2256,28.3932841804
2257,28.4054476804
2258,28.4176111804
2259,28.4297746804
2260,28.4419381804
2261,28.4541016804
2262,28.4662651804
2263,28.4784286804
2264,28.4905921804
2265,28.5027556804
2266,28.5149191804
2267,28.5270826804
2268,28.5392461804
2269,28.5514096804
2270,28.5635731804
2271,28.5757366804
2272,28.5879001804
2273,28.6000636804
2274,28.6122271804
2275,28.6243906804
2276,28.6365541804
2277,28.6487176804
2278,28.6608811804
2279,28.6730446804
2280,28.6852081804
2281,28.6973716804
2282,28.7095351804
2283,28.7216986804
2284,28.7338621804
2285,28.7460256804
2286,28.7581891804
2287,28.7703526804
2288,28.7825161804
2289,28.7946796804
2290,28.8068431804
2291,28.8190066804
2292,28.8311701804
2293,28.8433336804
2294,28.8554971804
2295,28.8676606804
2296,28.8798241804
2297,28.8919876804
2298,28.9041511805
2299,28.9163146805
2300,28.9284781805
2301,28.9406416805
2302,28.9528051805
2303,28.9649686805
2304,28.9771321805
2305,28.9892956805
2306,29.0014591805
2307,29.0136226805
2308,29.0257861805
2309,29.0379496805
2310,29.0501131805
2311,29.0622766805
2312,29.0744401805
2313,29.0866036805
2314,29.0987671805
2315,29.1109306805
2316,29.1230941805
2317,29.1352576805
2318,29.1474211805
2319,29.1595846805
2320,29.1717481805
2321,29.1839116805
2322,29.1960751805
2323,29.2082386805
2324,29.2204021805
2325,29.2325656805
2326,29.2447291805
2327,29.2568926805
2328,29.2690561805
2329,29.2812196805
2330,29.2933831805
2331,29.3055466805
2332,29.3177101805
2333,29.3298736805
2334,29.3420371805
2335,29.3542006805
2336,29.3663641805
2337,29.3785276805
2338,29.3906911805
2339,29.4028546805
2340,29.4150181805
2341,29.4271816805
2342,29.4393451805
2343,29.4515086805
2344,29.4636721805
2345,29.4758356805
2346,29.4879991805
2347,29.5001626805
2348,29.5123261805
2349,29.5244896805
2350,29.5366531805
2351,29.5488166805
2352,29.5609801805
2353,29.5731436805
2354,29.5853071805
2355,29.5974706805
2356,29.6096341805
2357,29.6217976805
2358,29.6339611805
2359,29.6461246805
2360,29.6582881805
2361,29.6704516805
2362,29.6826151805
2363,29.6947786805
2364,29.7069421805
2365,29.7191056805
2366,29.7312691805
2367,29.7434326805
2368,29.7555961805
2369,29.7677596805
2370,29.7799231805
2371,29.7920866805
2372,29.8042501805
2373,29.8164136805
2374,29.8285771805
2375,29.8407406805
2376,29.8529041805
2377,29.8650676805
2378,29.8772311805
2379,29.8893946805
2380,29.9015581805
2381,29.9137216805
2382,29.9258851805
2383,29.9380486805
2384,29.9502121805
2385,29.9623756805
2386,29.9745391805
2387,29.9867026805
2388,29.9988661805
2389,30.0110296805
2390,30.0231931805
2391,30.0353566805
2392,30.0475201805
2393,30.0596836805
2394,30.0718471805
2395,30.0840106805
2396,30.0961741805
2397,30.1083376805
2398,30.1205011805
2399,30.1326646805
