3650,0.6081159100
3700,0.4825422300
3750,0.4949217300
3800,0.5073012300
3850,0.5196807300
3900,0.5320602300
3950,0.5444397300
4000,0.5568192300
4050,0.5691987300
4100,0.5815782300
4150,0.5939577300
4200,0.6063372300
4250,0.6187167300
4300,0.6310962300
4350,0.6434757300
4400,0.6558552300
4450,0.6682347300
4500,0.6806142300
4550,0.6929937300
4600,0.7053732300
4650,0.7177527300
4700,0.7301322300
4750,0.7425117300
4800,0.7548912300
4850,0.7672707300
4900,0.7796502300
4950,0.7920297300
5000,0.8044092300
5050,0.8167887300
5100,0.8291682300
5150,0.8415477300
5200,0.8539272300
5250,0.8663067300
5300,0.8786862300
5350,0.8910657300
5400,0.9034452300
5450,0.9158247300
5500,0.9282042300
5550,0.9405837300
5600,0.9529632300
5650,0.9653427300
5700,0.9777222300
5750,0.9901017300
5800,1.0024812300
5850,1.0148607300
5900,1.0272402300
5950,1.0396197300
6000,1.0519992300
6050,1.0643787300
6100,1.0767582300
6150,1.0891377300
6200,1.1015172300
6250,1.1138967300
6300,1.1262762300
6350,1.1386557300
6400,1.1510352300
6450,1.1634147300
6500,1.1757942300
6550,1.1881737300
6600,1.2005532300
6650,1.2129327300
6700,1.2253122300
6750,1.2376917300
6800,1.2500712300
6850,1.2624507300
6900,1.2748302300
6950,1.2872097300
7000,1.2995892300
7050,1.3119687300
7100,1.3243482300
7150,1.3367277300
7200,1.3491072300
7250,1.3614867300
7300,1.3738662300
7350,1.3862457300
7400,1.3986252300
7450,1.4110047300
7500,1.4233842300
7550,1.4357637300
7600,1.4481432300
7650,1.4605227300
7700,1.4729022300
7750,1.4852817300
7800,1.4976612300
7850,1.5100407300
7900,1.5224202300
7950,1.5347997300
8000,1.5471792300
8050,1.5595587300
8100,1.5719382300
8150,1.5843177300
8200,1.5966972300
8250,1.6090767300
8300,1.6214562300
8350,1.6338357300
8400,1.6462152300
8450,1.6585947300
8500,1.6709742300
8550,1.6833537300
8600,1.6957332300
8650,1.7081127300
8700,1.7204922300
8750,1.7328717300
8800,1.7452512300
8850,1.7576307300
8900,1.7700102300
8950,1.7823897300
9000,1.7947692300
9050,1.8071487300
9100,1.8195282300
9150,1.8319077300
9200,1.8442872300
9250,1.8566667300
9300,1.8690462300
9350,1.8814257300
9400,1.8938052300
9450,1.9061847300
9500,1.9185642300
9550,1.9309437300
9600,1.9433232300
9650,1.9557027300
9700,1.9680822300
9750,1.9804617300
9800,1.9928412300
9850,2.0052207300
9900,2.0176002300
9950,2.0299797300
10000,2.0423592300
10050,2.0547387300
10100,2.0671182300
10150,2.0794977300
10200,2.0918772300
10250,2.1042567300
10300,2.1166362300
10350,2.1290157300
10400,2.1413952300
10450,2.1537747300
10500,2.1661542300
10550,2.1785337300
10600,2.1909132300
10650,2.2032927300
10700,2.2156722300
10750,2.2280517300
10800,2.2404312300
10850,2.2528107300
10900,2.2651902300
10950,2.2775697300
11000,2.2899492300
11050,2.3023287300
11100,2.3147082300
11150,2.3270877300
11200,2.3394672300
11250,2.3518467300
11300,2.3642262300
11350,2.3766057300
11400,2.3889852300
11450,2.4013647300
11500,2.4137442300
11550,2.4261237300
11600,2.4385032300
11650,2.4508827300
11700,2.4632622300
11750,2.4756417300
11800,2.4880212300
11850,2.5004007300
11900,2.5127802300
11950,2.5251597300
12000,2.5375392300
12050,2.5499187300
12100,2.5622982300
12150,2.5746777300
12200,2.5870572300
12250,2.5994367300
12300,2.6118162300
12350,2.6241957300
12400,2.6365752300
12450,2.6489547300
12500,2.6613342300
12550,2.6737137300
12600,2.6860932300
12650,2.6984727300
12700,2.7108522300
12750,2.7232317300
12800,2.7356112300
12850,2.7479907300
12900,2.7603702300
12950,2.7727497300
13000,2.7851292300
13050,2.7975087300
13100,2.8098882300
13150,2.8222677300
13200,2.8346472300
13250,2.8470267300
13300,2.8594062300
13350,2.8717857300
13400,2.8841652300
13450,2.8965447300
13500,2.9089242300
13550,2.9213037300
13600,2.9336832300
13650,2.9460627300
13700,2.9584422300
13750,2.9708217300
13800,2.9832012300
13850,2.9955807300
13900,3.0079602300
13950,3.0203397300
14000,3.0327192300
14050,3.0450987300
14100,3.0574782300
14150,3.0698577300
14200,3.0822372300
14250,3.0946167300
14300,3.1069962300
14350,3.1193757300
14400,3.1317552300
14450,3.1441347300
14500,3.1565142300
14550,3.1688937300
14600,3.1812732300
14650,3.1936527300
14700,3.2060322300
14750,3.2184117300
14800,3.2307912300
14850,3.2431707300
14900,3.2555502300
14950,3.2679297300
15000,3.2803092300
15050,3.2926887300
15100,3.3050682300
15150,3.3174477300
15200,3.3298272300
15250,3.3422067300
15300,3.3545862300
15350,3.3669657300
15400,3.3793452300
15450,3.3917247300
15500,3.4041042300
15550,3.4164837300
15600,3.4288632300
15650,3.4412427300
15700,3.4536222300
15750,3.4660017300
15800,3.4783812300
15850,3.4907607300
15900,3.5031402300
15950,3.5155197300
16000,3.5278992300
16050,3.5402787300
16100,3.5526582300
16150,3.5650377300
16200,3.5774172300
16250,3.5897967300
16300,3.6021762300
16350,3.6145557300
16400,3.6269352300
16450,3.6393147300
16500,3.6516942300
16550,3.6640737300
16600,3.6764532300
16650,3.6888327300
16700,3.7012122300
16750,3.7135917300
16800,3.7259712300
16850,3.7383507300
16900,3.7507302300
16950,3.7631097300
17000,3.7754892300
17050,3.7878687300
17100,3.8002482300
17150,3.8126277300
17200,3.8250072300
17250,3.8373867300
17300,3.8497662300
17350,3.8621457300
17400,3.8745252300
17450,3.8869047300
17500,3.8992842300
17550,3.9116637300
17600,3.9240432300
17650,3.9364227300
17700,3.9488022300
17750,3.9611817300
17800,3.9735612300
17850,3.9859407300
17900,3.9983202300
17950,4.0106997300
18000,4.0230792300
18050,4.0354587300
18100,4.0478382300
18150,4.0602177300
18200,4.0725972300
18250,4.0849767300
18300,4.0973562300
18350,4.1097357300
18400,4.1221152300
18450,4.1344947299
18500,4.1468742299
18550,4.1592537299
18600,4.1716332299
18650,4.1840127299
18700,4.1963922299
18750,4.2087717299
18800,4.2211512299
18850,4.2335307299
18900,4.2459102299
18950,4.2582897299
19000,4.2706692299
19050,4.2830487299
19100,4.2954282299
19150,4.3078077299
19200,4.3201872299
19250,4.3325667299
19300,4.3449462299
19350,4.3573257299
19400,4.3697052299
19450,4.3820847299
19500,4.3944642299
19550,4.4068437299
19600,4.4192232299
19650,4.4316027299
19700,4.4439822299
19750,4.4563617299
19800,4.4687412299
19850,4.4811207299
19900,4.4935002299
19950,4.5058797299
20000,4.5182592299
20050,4.5306387299
20100,4.5430182299
20150,4.5553977299
20200,4.5677772299
20250,4.5801567299
20300,4.5925362299
20350,4.6049157299
20400,4.6172952299
20450,4.6296747299
20500,4.6420542299
20550,4.6544337299
20600,4.6668132299
20650,4.6791927299
20700,4.6915722299
20750,4.7039517299
20800,4.7163312299
20850,4.7287107299
20900,4.7410902299
20950,4.7534697299
21000,4.7658492299
21050,4.7782287299
21100,4.7906082299
21150,4.8029877299
21200,4.8153672299
21250,4.8277467299
21300,4.8401262299
21350,4.8525057299
21400,4.8648852299
21450,4.8772647299
21500,4.8896442299
21550,4.9020237299
21600,4.9144032299
21650,4.9267827299
21700,4.9391622299
21750,4.9515417299
21800,4.9639212299
21850,4.9763007299
21900,4.9886802299
21950,5.0010597299
22000,5.0134392299
22050,5.0258187299
22100,5.0381982299
22150,5.0505777299
22200,5.0629572299
22250,5.0753367299
22300,5.0877162299
22350,5.1000957299
22400,5.1124752299
22450,5.1248547299
22500,5.1372342299
22550,5.1496137299
22600,5.1619932299
22650,5.1743727299
22700,5.1867522299
22750,5.1991317299
22800,5.2115112299
22850,5.2238907299
22900,5.2362702299
22950,5.2486497299
23000,5.2610292299
23050,5.2734087299
23100,5.2857882299
23150,5.2981677299
23200,5.3105472299
23250,5.3229267299
23300,5.3353062299
23350,5.3476857299
23400,5.3600652299
23450,5.3724447299
23500,5.3848242299
23550,5.3972037299
23600,5.4095832299
23650,5.4219627299
23700,5.4343422299
23750,5.4467217299
23800,5.4591012299
23850,5.4714807299
23900,5.4838602299
23950,5.4962397299
24000,5.5086192299
24050,5.5209987299
24100,5.5333782299
24150,5.5457577299
24200,5.5581372299
24250,5.5705167299
24300,5.5828962299
24350,5.5952757299
24400,5.6076552299
24450,5.6200347299
24500,5.6324142299
24550,5.6447937299
24600,5.6571732299
24650,5.6695527299
24700,5.6819322299
24750,5.6943117299
24800,5.7066912299
24850,5.7190707299
24900,5.7314502299
24950,5.7438297299
25000,5.7562092299
25050,5.7685887299
25100,5.7809682299
25150,5.7933477299
25200,5.8057272299
25250,5.8181067299
25300,5.8304862299
25350,5.8428657299
25400,5.8552452299
25450,5.8676247299
25500,5.8800042299
25550,5.8923837299
25600,5.9047632299
25650,5.9171427299
25700,5.9295222299
25750,5.9419017299
25800,5.9542812299
25850,5.9666607299
25900,5.9790402299
25950,5.9914197299
26000,6.0037992299
26050,6.0161787299
26100,6.0285582299
26150,6.0409377299
26200,6.0533172299
26250,6.0656967299
26300,6.0780762299
26350,6.0904557299
26400,6.1028352299
26450,6.1152147299
26500,6.1275942299
26550,6.1399737299
26600,6.1523532299
26650,6.1647327299
26700,6.1771122299
26750,6.1894917298
26800,6.2018712298
26850,6.2142507298
26900,6.2266302298
26950,6.2390097298
27000,6.2513892298
27050,6.2637687298
27100,6.2761482298
27150,6.2885277298
27200,6.3009072298
27250,6.3132867298
27300,6.3256662298
27350,6.3380457298
27400,6.3504252298
27450,6.3628047298
27500,6.3751842298
27550,6.3875637298
27600,6.3999432298
27650,6.4123227298
27700,6.4247022298
27750,6.4370817298
27800,6.4494612298
27850,6.4618407298
27900,6.4742202298
27950,6.4865997298
28000,6.4989792298
28050,6.5113587298
28100,6.5237382298
28150,6.5361177298
28200,6.5484972298
28250,6.5608767298
28300,6.5732562298
28350,6.5856357298
28400,6.5980152298
28450,6.6103947298
28500,6.6227742298
28550,6.6351537298
28600,6.6475332298
28650,6.6599127298
28700,6.6722922298
28750,6.6846717298
28800,6.6970512298
28850,6.7094307298
28900,6.7218102298
28950,6.7341897298
29000,6.7465692298
29050,6.7589487298
29100,6.7713282298
29150,6.7837077299
29200,6.7960872299
29250,6.8084667299
29300,6.8208462299
29350,6.8332257299
29400,6.8456052299
29450,6.8579847299
29500,6.8703642299
29550,6.8827437299
29600,6.8951232299
29650,6.9075027299
29700,6.9198822299
29750,6.9322617299
29800,6.9446412299
29850,6.9570207299
29900,6.9694002299
29950,6.9817797299
30000,6.9941592299
30050,7.0065387299
30100,7.0189182299
30150,7.0312977299
30200,7.0436772299
30250,7.0560567299
30300,7.0684362299
30350,7.0808157299
30400,7.0931952299
30450,7.1055747299
30500,7.1179542299
30550,7.1303337299
30600,7.1427132299
30650,7.1550927299
30700,7.1674722299
30750,7.1798517299
30800,7.1922312299
30850,7.2046107299
30900,7.2169902299
30950,7.2293697299
31000,7.2417492299
31050,7.2541287299
31100,7.2665082299
31150,7.2788877299
31200,7.2912672299
31250,7.3036467299
31300,7.3160262299
31350,7.3284057299
31400,7.3407852299
31450,7.3531647299
31500,7.3655442299
31550,7.3779237299
31600,7.3903032299
31650,7.4026827299
31700,7.4150622298
31750,7.4274417298
31800,7.4398212298
31850,7.4522007298
31900,7.4645802298
31950,7.4769597298
32000,7.4893392298
32050,7.5017187298
32100,7.5140982298
32150,7.5264777298
32200,7.5388572298
32250,7.5512367298
32300,7.5636162298
32350,7.5759957298
32400,7.5883752298
32450,7.6007547298
32500,7.6131342298
32550,7.6255137298
32600,7.6378932298
32650,7.6502727298
32700,7.6626522298
32750,7.6750317298
32800,7.6874112298
32850,7.6997907298
32900,7.7121702298
32950,7.7245497298
33000,7.7369292298
33050,7.7493087298
33100,7.7616882298
33150,7.7740677298
33200,7.7864472298
33250,7.7988267298
33300,7.8112062298
33350,7.8235857298
33400,7.8359652298
33450,7.8483447298
33500,7.8607242298
33550,7.8731037298
33600,7.8854832298
33650,7.8978627298
33700,7.9102422298
33750,7.9226217298
33800,7.9350012298
33850,7.9473807298
33900,7.9597602298
33950,7.9721397298
34000,7.9845192298
34050,7.9968987298
34100,8.0092782298
34150,8.0216577298
34200,8.0340372298
34250,8.0464167298
34300,8.0587962298
34350,8.0711757298
34400,8.0835552298
34450,8.0959347298
34500,8.1083142298
34550,8.1206937298
34600,8.1330732298
34650,8.1454527298
34700,8.1578322298
34750,8.1702117298
34800,8.1825912298
34850,8.1949707298
34900,8.2073502298
34950,8.2197297298
35000,8.2321092298
35050,8.2444887298
35100,8.2568682298
35150,8.2692477298
35200,8.2816272298
35250,8.2940067298
35300,8.3063862298
35350,8.3187657298
35400,8.3311452298
35450,8.3435247298
35500,8.3559042298
35550,8.3682837298
35600,8.3806632298
35650,8.3930427298
35700,8.4054222298
35750,8.4178017298
35800,8.4301812298
35850,8.4425607298
35900,8.4549402298
35950,8.4673197298
36000,8.4796992298
36050,8.4920787298
36100,8.5044582298
36150,8.5168377298
36200,8.5292172298
36250,8.5415967298
36300,8.5539762298
36350,8.5663557298
36400,8.5787352298
36450,8.5911147298
36500,8.6034942298
36550,8.6158737298
36600,8.6282532298
36650,8.6406327298
36700,8.6530122298
36750,8.6653917298
36800,8.6777712298
36850,8.6901507298
36900,8.7025302298
36950,8.7149097298
37000,8.7272892298
37050,8.7396687298
37100,8.7520482298
37150,8.7644277298
37200,8.7768072298
37250,8.7891867298
37300,8.8015662298
37350,8.8139457298
37400,8.8263252298
37450,8.8387047298
37500,8.8510842298
37550,8.8634637298
37600,8.8758432298
37650,8.8882227298
37700,8.9006022298
37750,8.9129817298
37800,8.9253612298
37850,8.9377407298
37900,8.9501202298
37950,8.9624997298
38000,8.9748792298
38050,8.9872587298
38100,8.9996382298
38150,9.0120177298
38200,9.0243972298
38250,9.0367767298
38300,9.0491562298
38350,9.0615357298
38400,9.0739152298
38450,9.0862947298
38500,9.0986742298
38550,9.1110537298
38600,9.1234332298
38650,9.1358127298
38700,9.1481922298
38750,9.1605717298
38800,9.1729512298
38850,9.1853307298
38900,9.1977102298
38950,9.2100897298
39000,9.2224692298
39050,9.2348487298
39100,9.2472282298
39150,9.2596077298
39200,9.2719872298
39250,9.2843667298
39300,9.2967462298
39350,9.3091257298
39400,9.3215052298
39450,9.3338847298
39500,9.3462642298
39550,9.3586437298
39600,9.3710232298
39650,9.3834027298
39700,9.3957822298
39750,9.4081617298
39800,9.4205412298
39850,9.4329207298
39900,9.4453002298
39950,9.4576797298
40000,9.4700592298
40050,9.4824387298
40100,9.4948182298
40150,9.5071977298
40200,9.5195772298
40250,9.5319567298
40300,9.5443362298
40350,9.5567157298
40400,9.5690952298
40450,9.5814747298
40500,9.5938542298
40550,9.6062337298
40600,9.6186132298
40650,9.6309927298
40700,9.6433722298
40750,9.6557517298
40800,9.6681312298
40850,9.6805107298
40900,9.6928902298
40950,9.7052697298
41000,9.7176492298
41050,9.7300287298
41100,9.7424082298
41150,9.7547877298
41200,9.7671672298
41250,9.7795467298
41300,9.7919262298
41350,9.8043057298
41400,9.8166852298
41450,9.8290647298
41500,9.8414442298
41550,9.8538237298
41600,9.8662032298
41650,9.8785827298
41700,9.8909622298
41750,9.9033417298
41800,9.9157212298
41850,9.9281007298
41900,9.9404802298
41950,9.9528597298
42000,9.9652392298
42050,9.9776187298
42100,9.9899982298
42150,10.0023777298
42200,10.0147572298
42250,10.0271367298
42300,10.0395162298
42350,10.0518957298
42400,10.0642752298
42450,10.0766547298
42500,10.0890342298
42550,10.1014137298
42600,10.1137932298
42650,10.1261727298
42700,10.1385522298
42750,10.1509317298
42800,10.1633112298
42850,10.1756907298
42900,10.1880702298
42950,10.2004497298
43000,10.2128292298
43050,10.2252087298
43100,10.2375882298
43150,10.2499677298
43200,10.2623472298
43250,10.2747267298
43300,10.2871062298
43350,10.2994857298
43400,10.3118652298
43450,10.3242447298
43500,10.3366242298
43550,10.3490037298
43600,10.3613832298
43650,10.3737627298
43700,10.3861422298
43750,10.3985217298
43800,10.4109012298
43850,10.4232807298
43900,10.4356602298
43950,10.4480397298
44000,10.4604192298
44050,10.4727987298
44100,10.4851782298
44150,10.4975577298
44200,10.5099372298
44250,10.5223167298
44300,10.5346962298
44350,10.5470757298
44400,10.5594552298
44450,10.5718347298
44500,10.5842142298
44550,10.5965937298
44600,10.6089732298
44650,10.6213527298
44700,10.6337322298
44750,10.6461117298
44800,10.6584912298
44850,10.6708707298
44900,10.6832502298
44950,10.6956297298
45000,10.7080092298
45050,10.7203887298
45100,10.7327682298
45150,10.7451477298
45200,10.7575272298
45250,10.7699067298
45300,10.7822862298
45350,10.7946657298
45400,10.8070452298
45450,10.8194247298
45500,10.8318042298
45550,10.8441837298
45600,10.8565632298
45650,10.8689427298
45700,10.8813222298
45750,10.8937017298
45800,10.9060812298
45850,10.9184607298
45900,10.9308402298
45950,10.9432197298
46000,10.9555992298
46050,10.9679787298
46100,10.9803582298
46150,10.9927377298
46200,11.0051172298
46250,11.0174967298
46300,11.0298762298
46350,11.0422557298
46400,11.0546352298
46450,11.0670147298
46500,11.0793942298
46550,11.0917737298
46600,11.1041532298
46650,11.1165327298
46700,11.1289122298
46750,11.1412917298
46800,11.1536712298
46850,11.1660507298
46900,11.1784302298
46950,11.1908097298
47000,11.2031892298
47050,11.2155687298
47100,11.2279482298
47150,11.2403277298
47200,11.2527072298
47250,11.2650867298
47300,11.2774662298
47350,11.2898457298
47400,11.3022252298
47450,11.3146047298
47500,11.3269842298
47550,11.3393637298
47600,11.3517432298
47650,11.3641227298
47700,11.3765022298
47750,11.3888817298
47800,11.4012612298
47850,11.4136407298
47900,11.4260202298
47950,11.4383997298
48000,11.4507792298
48050,11.4631587298
48100,11.4755382298
48150,11.4879177298
48200,11.5002972298
48250,11.5126767298
48300,11.5250562298
48350,11.5374357298
48400,11.5498152298
48450,11.5621947298
48500,11.5745742298
48550,11.5869537298
48600,11.5993332298
48650,11.6117127298
48700,11.6240922298
48750,11.6364717298
48800,11.6488512298
48850,11.6612307298
48900,11.6736102298
48950,11.6859897298
49000,11.6983692298
49050,11.7107487298
49100,11.7231282298
49150,11.7355077298
49200,11.7478872298
49250,11.7602667298
49300,11.7726462298
49350,11.7850257298
49400,11.7974052298
49450,11.8097847298
49500,11.8221642298
49550,11.8345437298
49600,11.8469232298
49650,11.8593027298
49700,11.8716822298
49750,11.8840617298
49800,11.8964412298
49850,11.9088207298
49900,11.9212002298
49950,11.9335797298
50000,11.9459592298
50050,11.9583387298
50100,11.9707182298
50150,11.9830977298
50200,11.9954772298
50250,12.0078567298
50300,12.0202362298
50350,12.0326157298
50400,12.0449952298
50450,12.0573747298
50500,12.0697542298
50550,12.0821337298
50600,12.0945132298
50650,12.1068927298
50700,12.1192722298
50750,12.1316517298
50800,12.1440312298
50850,12.1564107298
50900,12.1687902298
50950,12.1811697298
51000,12.1935492298
51050,12.2059287298
51100,12.2183082298
51150,12.2306877298
51200,12.2430672298
51250,12.2554467298
51300,12.2678262298
51350,12.2802057298
51400,12.2925852298
51450,12.3049647298
51500,12.3173442298
51550,12.3297237297
51600,12.3421032297
51650,12.3544827297
51700,12.3668622297
51750,12.3792417297
51800,12.3916212297
51850,12.4040007297
51900,12.4163802297
51950,12.4287597297
52000,12.4411392297
52050,12.4535187297
52100,12.4658982297
52150,12.4782777297
52200,12.4906572297
52250,12.5030367297
52300,12.5154162297
52350,12.5277957297
52400,12.5401752297
52450,12.5525547297
52500,12.5649342297
52550,12.5773137297
52600,12.5896932297
52650,12.6020727297
52700,12.6144522297
52750,12.6268317297
52800,12.6392112297
52850,12.6515907297
52900,12.6639702297
52950,12.6763497297
53000,12.6887292297
53050,12.7011087297
53100,12.7134882297
53150,12.7258677297
53200,12.7382472297
53250,12.7506267297
53300,12.7630062297
53350,12.7753857297
53400,12.7877652297
53450,12.8001447297
53500,12.8125242297
53550,12.8249037297
53600,12.8372832297
53650,12.8496627297
53700,12.8620422297
53750,12.8744217297
53800,12.8868012297
53850,12.8991807297
53900,12.9115602297
53950,12.9239397297
54000,12.9363192297
54050,12.9486987297
54100,12.9610782297
54150,12.9734577297
54200,12.9858372297
54250,12.9982167297
54300,13.0105962297
54350,13.0229757297
54400,13.0353552297
54450,13.0477347297
54500,13.0601142297
54550,13.0724937297
54600,13.0848732297
54650,13.0972527297
54700,13.1096322297
54750,13.1220117297
54800,13.1343912297
54850,13.1467707297
54900,13.1591502297
54950,13.1715297297
55000,13.1839092297
55050,13.1962887297
55100,13.2086682297
55150,13.2210477297
55200,13.2334272297
55250,13.2458067297
55300,13.2581862297
55350,13.2705657297
55400,13.2829452297
55450,13.2953247297
55500,13.3077042297
55550,13.3200837297
55600,13.3324632297
55650,13.3448427297
55700,13.3572222297
55750,13.3696017297
55800,13.3819812297
55850,13.3943607297
55900,13.4067402297
55950,13.4191197297
56000,13.4314992297
56050,13.4438787297
56100,13.4562582297
56150,13.4686377297
56200,13.4810172297
56250,13.4933967297
56300,13.5057762297
56350,13.5181557297
56400,13.5305352297
56450,13.5429147297
56500,13.5552942297
56550,13.5676737297
56600,13.5800532297
56650,13.5924327297
56700,13.6048122297
56750,13.6171917297
56800,13.6295712297
56850,13.6419507297
56900,13.6543302297
56950,13.6667097297
57000,13.6790892297
57050,13.6914687297
57100,13.7038482297
57150,13.7162277297
57200,13.7286072297
57250,13.7409867297
57300,13.7533662297
57350,13.7657457297
57400,13.7781252297
57450,13.7905047297
57500,13.8028842297
57550,13.8152637297
57600,13.8276432297
57650,13.8400227297
57700,13.8524022297
57750,13.8647817297
57800,13.8771612297
57850,13.8895407297
57900,13.9019202297
57950,13.9142997297
58000,13.9266792297
58050,13.9390587297
58100,13.9514382297
58150,13.9638177297
58200,13.9761972297
58250,13.9885767297
58300,14.0009562297
58350,14.0133357297
58400,14.0257152297
58450,14.0380947297
58500,14.0504742297
58550,14.0628537297
58600,14.0752332297
58650,14.0876127297
58700,14.0999922297
58750,14.1123717297
58800,14.1247512297
58850,14.1371307297
58900,14.1495102297
58950,14.1618897297
59000,14.1742692297
59050,14.1866487297
59100,14.1990282297
59150,14.2114077297
59200,14.2237872297
59250,14.2361667297
59300,14.2485462297
59350,14.2609257297
59400,14.2733052297
59450,14.2856847297
59500,14.2980642297
59550,14.3104437297
59600,14.3228232297
59650,14.3352027297
59700,14.3475822297
59750,14.3599617297
59800,14.3723412297
59850,14.3847207297
59900,14.3971002297
59950,14.4094797297
60000,14.4218592297
60050,14.4342387297
60100,14.4466182297
60150,14.4589977297
60200,14.4713772297
60250,14.4837567297
60300,14.4961362297
60350,14.5085157297
60400,14.5208952297
60450,14.5332747297
60500,14.5456542297
60550,14.5580337297
60600,14.5704132297
60650,14.5827927297
60700,14.5951722297
60750,14.6075517297
60800,14.6199312297
60850,14.6323107297
60900,14.6446902297
60950,14.6570697297
61000,14.6694492297
61050,14.6818287297
61100,14.6942082297
61150,14.7065877297
61200,14.7189672297
61250,14.7313467297
61300,14.7437262297
61350,14.7561057297
61400,14.7684852297
61450,14.7808647297
61500,14.7932442297
61550,14.8056237297
61600,14.8180032297
61650,14.8303827297
61700,14.8427622297
61750,14.8551417297
61800,14.8675212297
61850,14.8799007297
61900,14.8922802297
61950,14.9046597297
62000,14.9170392297
62050,14.9294187297
62100,14.9417982297
62150,14.9541777297
62200,14.9665572297
62250,14.9789367297
62300,14.9913162297
62350,15.0036957297
62400,15.0160752297
62450,15.0284547297
62500,15.0408342297
62550,15.0532137297
62600,15.0655932297
62650,15.0779727297
62700,15.0903522297
62750,15.1027317297
62800,15.1151112297
62850,15.1274907297
62900,15.1398702297
62950,15.1522497297
63000,15.1646292297
63050,15.1770087297
63100,15.1893882297
63150,15.2017677297
63200,15.2141472297
63250,15.2265267297
63300,15.2389062297
63350,15.2512857297
63400,15.2636652297
63450,15.2760447297
63500,15.2884242297
63550,15.3008037297
63600,15.3131832297
63650,15.3255627297
63700,15.3379422297
63750,15.3503217297
63800,15.3627012297
63850,15.3750807297
63900,15.3874602297
63950,15.3998397297
64000,15.4122192297
64050,15.4245987297
64100,15.4369782297
64150,15.4493577297
64200,15.4617372297
64250,15.4741167297
64300,15.4864962297
64350,15.4988757297
64400,15.5112552297
64450,15.5236347297
64500,15.5360142297
64550,15.5483937297
64600,15.5607732297
64650,15.5731527297
64700,15.5855322297
64750,15.5979117297
64800,15.6102912297
64850,15.6226707297
64900,15.6350502297
64950,15.6474297297
65000,15.6598092297
65050,15.6721887297
65100,15.6845682297
65150,15.6969477297
65200,15.7093272297
65250,15.7217067297
65300,15.7340862297
65350,15.7464657297
65400,15.7588452297
65450,15.7712247297
65500,15.7836042297
65550,15.7959837297
65600,15.8083632297
65650,15.8207427297
65700,15.8331222297
65750,15.8455017297
65800,15.8578812297
65850,15.8702607297
65900,15.8826402297
65950,15.8950197297
66000,15.9073992297
66050,15.9197787297
66100,15.9321582297
66150,15.9445377297
66200,15.9569172297
66250,15.9692967297
66300,15.9816762297
66350,15.9940557297
66400,16.0064352297
66450,16.0188147297
66500,16.0311942297
66550,16.0435737297
66600,16.0559532297
66650,16.0683327297
66700,16.0807122297
66750,16.0930917297
66800,16.1054712297
66850,16.1178507297
66900,16.1302302297
66950,16.1426097297
67000,16.1549892297
67050,16.1673687297
67100,16.1797482297
67150,16.1921277297
67200,16.2045072297
67250,16.2168867297
67300,16.2292662297
67350,16.2416457297
67400,16.2540252297
67450,16.2664047297
67500,16.2787842297
67550,16.2911637297
67600,16.3035432297
67650,16.3159227297
67700,16.3283022297
67750,16.3406817297
67800,16.3530612297
67850,16.3654407297
67900,16.3778202297
67950,16.3901997297
68000,16.4025792297
68050,16.4149587297
68100,16.4273382298
68150,16.4397177298
68200,16.4520972298
68250,16.4644767298
68300,16.4768562298
68350,16.4892357298
68400,16.5016152298
68450,16.5139947298
68500,16.5263742298
68550,16.5387537298
68600,16.5511332298
68650,16.5635127298
68700,16.5758922298
68750,16.5882717298
68800,16.6006512298
68850,16.6130307298
68900,16.6254102298
68950,16.6377897298
69000,16.6501692298
69050,16.6625487298
69100,16.6749282298
69150,16.6873077298
69200,16.6996872298
69250,16.7120667298
69300,16.7244462298
69350,16.7368257298
69400,16.7492052298
69450,16.7615847298
69500,16.7739642298
69550,16.7863437298
69600,16.7987232298
69650,16.8111027298
69700,16.8234822298
69750,16.8358617298
69800,16.8482412298
69850,16.8606207298
69900,16.8730002298
69950,16.8853797298
70000,16.8977592298
70050,16.9101387298
70100,16.9225182298
70150,16.9348977298
70200,16.9472772298
70250,16.9596567298
70300,16.9720362298
70350,16.9844157298
70400,16.9967952298
70450,17.0091747298
70500,17.0215542298
70550,17.0339337298
70600,17.0463132298
70650,17.0586927298
70700,17.0710722298
70750,17.0834517298
70800,17.0958312298
70850,17.1082107298
70900,17.1205902298
70950,17.1329697298
71000,17.1453492298
71050,17.1577287298
71100,17.1701082298
71150,17.1824877298
71200,17.1948672298
71250,17.2072467298
71300,17.2196262298
71350,17.2320057298
71400,17.2443852298
71450,17.2567647298
71500,17.2691442298
71550,17.2815237298
71600,17.2939032298
71650,17.3062827298
71700,17.3186622298
71750,17.3310417298
71800,17.3434212298
71850,17.3558007298
71900,17.3681802298
71950,17.3805597298
72000,17.3929392298
72050,17.4053187298
72100,17.4176982299
72150,17.4300777299
72200,17.4424572299
72250,17.4548367299
72300,17.4672162299
72350,17.4795957299
72400,17.4919752299
72450,17.5043547299
72500,17.5167342299
72550,17.5291137299
72600,17.5414932299
72650,17.5538727299
72700,17.5662522299
72750,17.5786317299
72800,17.5910112299
72850,17.6033907299
72900,17.6157702299
72950,17.6281497299
73000,17.6405292299
73050,17.6529087299
73100,17.6652882299
73150,17.6776677299
73200,17.6900472299
73250,17.7024267299
73300,17.7148062299
73350,17.7271857299
73400,17.7395652299
73450,17.7519447299
73500,17.7643242299
73550,17.7767037299
73600,17.7890832299
73650,17.8014627299
73700,17.8138422299
73750,17.8262217299
73800,17.8386012299
73850,17.8509807299
73900,17.8633602299
73950,17.8757397299
74000,17.8881192299
74050,17.9004987299
74100,17.9128782299
74150,17.9252577299
74200,17.9376372299
74250,17.9500167299
74300,17.9623962299
74350,17.9747757299
74400,17.9871552299
74450,17.9995347299
74500,18.0119142299
74550,18.0242937299
74600,18.0366732299
74650,18.0490527299
74700,18.0614322299
74750,18.0738117299
74800,18.0861912299
74850,18.0985707299
74900,18.1109502299
74950,18.1233297299
75000,18.1357092299
75050,18.1480887299
75100,18.1604682299
75150,18.1728477299
75200,18.1852272299
75250,18.1976067299
75300,18.2099862299
75350,18.2223657299
75400,18.2347452299
75450,18.2471247299
75500,18.2595042299
75550,18.2718837299
75600,18.2842632299
75650,18.2966427299
75700,18.3090222299
75750,18.3214017299
75800,18.3337812299
75850,18.3461607299
75900,18.3585402299
75950,18.3709197299
76000,18.3832992299
76050,18.3956787299
76100,18.4080582299
76150,18.4204377299
76200,18.4328172299
76250,18.4451967299
76300,18.4575762299
76350,18.4699557300
76400,18.4823352300
76450,18.4947147300
76500,18.5070942300
76550,18.5194737300
76600,18.5318532300
76650,18.5442327300
76700,18.5566122300
76750,18.5689917300
76800,18.5813712300
76850,18.5937507300
76900,18.6061302300
76950,18.6185097300
77000,18.6308892300
77050,18.6432687300
77100,18.6556482300
77150,18.6680277300
77200,18.6804072300
77250,18.6927867300
77300,18.7051662300
77350,18.7175457300
77400,18.7299252300
77450,18.7423047300
77500,18.7546842300
77550,18.7670637300
77600,18.7794432300
77650,18.7918227300
77700,18.8042022300
77750,18.8165817300
77800,18.8289612300
77850,18.8413407300
77900,18.8537202300
77950,18.8660997300
78000,18.8784792300
78050,18.8908587300
78100,18.9032382300
78150,18.9156177300
78200,18.9279972300
78250,18.9403767300
78300,18.9527562300
78350,18.9651357300
78400,18.9775152300
78450,18.9898947300
78500,19.0022742300
78550,19.0146537300
78600,19.0270332300
78650,19.0394127300
78700,19.0517922300
78750,19.0641717300
78800,19.0765512300
78850,19.0889307300
78900,19.1013102300
78950,19.1136897300
79000,19.1260692300
79050,19.1384487300
79100,19.1508282300
79150,19.1632077300
79200,19.1755872300
79250,19.1879667300
79300,19.2003462300
79350,19.2127257300
79400,19.2251052300
79450,19.2374847300
79500,19.2498642300
79550,19.2622437300
79600,19.2746232300
79650,19.2870027300
79700,19.2993822300
79750,19.3117617300
79800,19.3241412300
79850,19.3365207300
79900,19.3489002300
79950,19.3612797300
80000,19.3736592300
80050,19.3860387300
80100,19.3984182300
80150,19.4107977300
80200,19.4231772300
80250,19.4355567300
80300,19.4479362300
80350,19.4603157300
80400,19.4726952300
80450,19.4850747300
80500,19.4974542300
80550,19.5098337300
80600,19.5222132300
80650,19.5345927300
80700,19.5469722300
80750,19.5593517300
80800,19.5717312300
80850,19.5841107300
80900,19.5964902300
80950,19.6088697300
81000,19.6212492300
81050,19.6336287300
81100,19.6460082300
81150,19.6583877300
81200,19.6707672300
81250,19.6831467300
81300,19.6955262300
81350,19.7079057300
81400,19.7202852300
81450,19.7326647300
81500,19.7450442300
81550,19.7574237300
81600,19.7698032300
81650,19.7821827300
81700,19.7945622300
81750,19.8069417300
81800,19.8193212300
81850,19.8317007300
81900,19.8440802300
81950,19.8564597300
82000,19.8688392300
82050,19.8812187300
82100,19.8935982300
82150,19.9059777300
82200,19.9183572300
82250,19.9307367300
82300,19.9431162300
82350,19.9554957300
82400,19.9678752300
82450,19.9802547300
82500,19.9926342300
82550,20.0050137300
82600,20.0173932300
82650,20.0297727300
82700,20.0421522300
82750,20.0545317300
82800,20.0669112300
82850,20.0792907300
82900,20.0916702300
82950,20.1040497300
83000,20.1164292300
83050,20.1288087300
83100,20.1411882300
83150,20.1535677300
83200,20.1659472300
83250,20.1783267300
83300,20.1907062300
83350,20.2030857300
83400,20.2154652300
83450,20.2278447300
83500,20.2402242300
83550,20.2526037300
83600,20.2649832300
83650,20.2773627301
83700,20.2897422301
83750,20.3021217301
83800,20.3145012301
83850,20.3268807301
83900,20.3392602301
83950,20.3516397301
84000,20.3640192301
84050,20.3763987301
84100,20.3887782301
84150,20.4011577301
84200,20.4135372301
84250,20.4259167301
84300,20.4382962301
84350,20.4506757301
84400,20.4630552301
84450,20.4754347301
84500,20.4878142301
84550,20.5001937301
84600,20.5125732301
84650,20.5249527301
84700,20.5373322301
84750,20.5497117301
84800,20.5620912301
84850,20.5744707301
84900,20.5868502301
84950,20.5992297301
85000,20.6116092301
85050,20.6239887301
85100,20.6363682301
85150,20.6487477301
85200,20.6611272301
85250,20.6735067301
85300,20.6858862301
85350,20.6982657301
85400,20.7106452301
85450,20.7230247301
85500,20.7354042301
85550,20.7477837301
85600,20.7601632301
85650,20.7725427301
85700,20.7849222301
85750,20.7973017301
85800,20.8096812301
85850,20.8220607301
85900,20.8344402301
85950,20.8468197301
86000,20.8591992301
86050,20.8715787301
86100,20.8839582301
86150,20.8963377301
86200,20.9087172301
86250,20.9210967301
86300,20.9334762301
86350,20.9458557301
86400,20.9582352301
86450,20.9706147301
86500,20.9829942301
86550,20.9953737301
86600,21.0077532301
86650,21.0201327301
86700,21.0325122301
86750,21.0448917301
86800,21.0572712301
86850,21.0696507301
86900,21.0820302301
86950,21.0944097301
87000,21.1067892302
87050,21.1191687302
87100,21.1315482302
87150,21.1439277302
87200,21.1563072302
87250,21.1686867302
87300,21.1810662302
87350,21.1934457302
87400,21.2058252302
87450,21.2182047302
87500,21.2305842302
87550,21.2429637302
87600,21.2553432302
87650,21.2677227302
87700,21.2801022302
87750,21.2924817302
87800,21.3048612302
87850,21.3172407302
87900,21.3296202302
87950,21.3419997302
88000,21.3543792302
88050,21.3667587302
88100,21.3791382302
88150,21.3915177302
88200,21.4038972302
88250,21.4162767302
88300,21.4286562302
88350,21.4410357302
88400,21.4534152302
88450,21.4657947302
88500,21.4781742302
88550,21.4905537302
88600,21.5029332302
88650,21.5153127302
88700,21.5276922302
88750,21.5400717302
88800,21.5524512302
88850,21.5648307302
88900,21.5772102302
88950,21.5895897302
89000,21.6019692302
89050,21.6143487302
89100,21.6267282302
89150,21.6391077302
89200,21.6514872302
89250,21.6638667302
89300,21.6762462302
89350,21.6886257302
89400,21.7010052302
89450,21.7133847302
89500,21.7257642302
89550,21.7381437302
89600,21.7505232302
89650,21.7629027302
89700,21.7752822302
89750,21.7876617302
89800,21.8000412302
89850,21.8124207302
89900,21.8248002302
89950,21.8371797302
90000,21.8495592302
90050,21.8619387302
90100,21.8743182302
90150,21.8866977302
90200,21.8990772302
90250,21.9114567302
90300,21.9238362302
90350,21.9362157302
90400,21.9485952302
90450,21.9609747302
90500,21.9733542302
90550,21.9857337302
90600,21.9981132302
90650,22.0104927302
90700,22.0228722302
90750,22.0352517302
90800,22.0476312302
90850,22.0600107302
90900,22.0723902302
90950,22.0847697302
91000,22.0971492302
91050,22.1095287302
91100,22.1219082302
91150,22.1342877302
91200,22.1466672302
91250,22.1590467302
91300,22.1714262302
91350,22.1838057302
91400,22.1961852302
91450,22.2085647302
91500,22.2209442302
91550,22.2333237302
91600,22.2457032302
91650,22.2580827302
91700,22.2704622302
91750,22.2828417302
91800,22.2952212302
91850,22.3076007302
91900,22.3199802302
91950,22.3323597302
92000,22.3447392302
92050,22.3571187302
92100,22.3694982302
92150,22.3818777302
92200,22.3942572302
92250,22.4066367302
92300,22.4190162302
92350,22.4313957302
92400,22.4437752302
92450,22.4561547302
92500,22.4685342302
92550,22.4809137302
92600,22.4932932302
92650,22.5056727302
92700,22.5180522302
92750,22.5304317302
92800,22.5428112302
92850,22.5551907302
92900,22.5675702302
92950,22.5799497302
93000,22.5923292302
93050,22.6047087302
93100,22.6170882302
93150,22.6294677302
93200,22.6418472302
93250,22.6542267302
93300,22.6666062302
93350,22.6789857302
93400,22.6913652302
93450,22.7037447302
93500,22.7161242302
93550,22.7285037302
93600,22.7408832302
93650,22.7532627302
93700,22.7656422302
93750,22.7780217302
93800,22.7904012302
93850,22.8027807302
93900,22.8151602302
93950,22.8275397302
94000,22.8399192302
94050,22.8522987302
94100,22.8646782302
94150,22.8770577302
94200,22.8894372302
94250,22.9018167302
94300,22.9141962302
94350,22.9265757302
94400,22.9389552302
94450,22.9513347302
94500,22.9637142302
94550,22.9760937302
94600,22.9884732302
94650,23.0008527302
94700,23.0132322302
94750,23.0256117302
94800,23.0379912302
94850,23.0503707302
94900,23.0627502302
94950,23.0751297302
95000,23.0875092302
95050,23.0998887302
95100,23.1122682302
95150,23.1246477302
95200,23.1370272302
95250,23.1494067302
95300,23.1617862302
95350,23.1741657302
95400,23.1865452302
95450,23.1989247302
95500,23.2113042302
95550,23.2236837302
95600,23.2360632302
95650,23.2484427302
95700,23.2608222302
95750,23.2732017302
95800,23.2855812302
95850,23.2979607302
95900,23.3103402302
95950,23.3227197302
96000,23.3350992302
96050,23.3474787302
96100,23.3598582302
96150,23.3722377302
96200,23.3846172302
96250,23.3969967302
96300,23.4093762302
96350,23.4217557302
96400,23.4341352302
96450,23.4465147302
96500,23.4588942302
96550,23.4712737302
96600,23.4836532302
96650,23.4960327302
96700,23.5084122302
96750,23.5207917302
96800,23.5331712302
96850,23.5455507302
96900,23.5579302302
96950,23.5703097302
97000,23.5826892302
97050,23.5950687302
97100,23.6074482303
97150,23.6198277303
97200,23.6322072303
97250,23.6445867303
97300,23.6569662303
97350,23.6693457303
97400,23.6817252303
97450,23.6941047303
97500,23.7064842303
97550,23.7188637303
97600,23.7312432303
97650,23.7436227303
97700,23.7560022303
97750,23.7683817303
97800,23.7807612303
97850,23.7931407303
97900,23.8055202303
97950,23.8178997303
98000,23.8302792303
98050,23.8426587303
98100,23.8550382303
98150,23.8674177303
98200,23.8797972303
98250,23.8921767303
98300,23.9045562303
98350,23.9169357303
98400,23.9293152303
98450,23.9416947303
98500,23.9540742303
98550,23.9664537303
98600,23.9788332303
98650,23.9912127303
98700,24.0035922303
98750,24.0159717303
98800,24.0283512303
98850,24.0407307303
98900,24.0531102303
98950,24.0654897303
99000,24.0778692303
99050,24.0902487303
99100,24.1026282303
99150,24.1150077303
99200,24.1273872303
99250,24.1397667303
99300,24.1521462303
99350,24.1645257303
99400,24.1769052303
99450,24.1892847303
99500,24.2016642303
99550,24.2140437303
99600,24.2264232303
99650,24.2388027303
99700,24.2511822303
99750,24.2635617303
99800,24.2759412303
99850,24.2883207303
99900,24.3007002303
99950,24.3130797303
100000,24.3254592303
100050,24.3378387303
100100,24.3502182303
100150,24.3625977303
100200,24.3749772303
100250,24.3873567303
100300,24.3997362303
100350,24.4121157303
100400,24.4244952303
100450,24.4368747303
100500,24.4492542303
100550,24.4616337303
100600,24.4740132303
100650,24.4863927303
100700,24.4987722303
100750,24.5111517303
100800,24.5235312303
100850,24.5359107303
100900,24.5482902303
100950,24.5606697303
101000,24.5730492303
101050,24.5854287303
101100,24.5978082303
101150,24.6101877303
101200,24.6225672303
101250,24.6349467303
101300,24.6473262303
101350,24.6597057303
101400,24.6720852303
101450,24.6844647303
101500,24.6968442303
101550,24.7092237303
101600,24.7216032303
101650,24.7339827303
101700,24.7463622303
101750,24.7587417303
101800,24.7711212303
101850,24.7835007303
101900,24.7958802303
101950,24.8082597303
102000,24.8206392303
102050,24.8330187303
102100,24.8453982303
102150,24.8577777303
102200,24.8701572303
102250,24.8825367303
102300,24.8949162303
102350,24.9072957303
102400,24.9196752303
102450,24.9320547303
102500,24.9444342303
102550,24.9568137303
102600,24.9691932303
102650,24.9815727303
102700,24.9939522303
102750,25.0063317303
102800,25.0187112303
102850,25.0310907303
102900,25.0434702303
102950,25.0558497303
103000,25.0682292303
103050,25.0806087303
103100,25.0929882303
103150,25.1053677303
103200,25.1177472303
103250,25.1301267303
103300,25.1425062303
103350,25.1548857303
103400,25.1672652303
103450,25.1796447303
103500,25.1920242303
103550,25.2044037303
103600,25.2167832303
103650,25.2291627303
103700,25.2415422303
103750,25.2539217303
103800,25.2663012303
103850,25.2786807303
103900,25.2910602304
103950,25.3034397304
104000,25.3158192304
104050,25.3281987304
104100,25.3405782304
104150,25.3529577304
104200,25.3653372304
104250,25.3777167304
104300,25.3900962304
104350,25.4024757304
104400,25.4148552304
104450,25.4272347304
104500,25.4396142304
104550,25.4519937304
104600,25.4643732304
104650,25.4767527304
104700,25.4891322304
104750,25.5015117304
104800,25.5138912304
104850,25.5262707304
104900,25.5386502304
104950,25.5510297304
105000,25.5634092304
105050,25.5757887304
105100,25.5881682304
105150,25.6005477304
105200,25.6129272304
105250,25.6253067304
105300,25.6376862304
105350,25.6500657304
105400,25.6624452304
105450,25.6748247304
105500,25.6872042304
105550,25.6995837304
105600,25.7119632304
105650,25.7243427304
105700,25.7367222304
105750,25.7491017304
105800,25.7614812304
105850,25.7738607304
105900,25.7862402304
105950,25.7986197304
106000,25.8109992304
106050,25.8233787304
106100,25.8357582304
106150,25.8481377304
106200,25.8605172304
106250,25.8728967304
106300,25.8852762304
106350,25.8976557304
106400,25.9100352304
106450,25.9224147304
106500,25.9347942304
106550,25.9471737304
106600,25.9595532304
106650,25.9719327304
106700,25.9843122304
106750,25.9966917304
106800,26.0090712304
106850,26.0214507304
106900,26.0338302304
106950,26.0462097304
107000,26.0585892304
107050,26.0709687304
107100,26.0833482304
107150,26.0957277304
107200,26.1081072304
107250,26.1204867304
107300,26.1328662304
107350,26.1452457304
107400,26.1576252304
107450,26.1700047304
107500,26.1823842304
107550,26.1947637304
107600,26.2071432304
107650,26.2195227304
107700,26.2319022304
107750,26.2442817304
107800,26.2566612304
107850,26.2690407304
107900,26.2814202304
107950,26.2937997304
108000,26.3061792304
108050,26.3185587304
108100,26.3309382304
108150,26.3433177304
108200,26.3556972304
108250,26.3680767304
108300,26.3804562304
108350,26.3928357304
108400,26.4052152304
108450,26.4175947304
108500,26.4299742304
108550,26.4423537304
108600,26.4547332304
108650,26.4671127304
108700,26.4794922304
108750,26.4918717304
108800,26.5042512304
108850,26.5166307304
108900,26.5290102304
108950,26.5413897304
109000,26.5537692304
109050,26.5661487304
109100,26.5785282304
109150,26.5909077304
109200,26.6032872304
109250,26.6156667304
109300,26.6280462304
109350,26.6404257304
109400,26.6528052304
109450,26.6651847304
109500,26.6775642304
109550,26.6899437304
109600,26.7023232304
109650,26.7147027304
109700,26.7270822304
109750,26.7394617304
109800,26.7518412304
109850,26.7642207304
109900,26.7766002304
109950,26.7889797304
110000,26.8013592304
110050,26.8137387304
110100,26.8261182304
110150,26.8384977304
110200,26.8508772304
110250,26.8632567304
110300,26.8756362304
110350,26.8880157304
110400,26.9003952304
110450,26.9127747304
110500,26.9251542304
110550,26.9375337304
110600,26.9499132304
110650,26.9622927304
110700,26.9746722304
110750,26.9870517304
110800,26.9994312304
110850,27.0118107304
110900,27.0241902304
110950,27.0365697304
111000,27.0489492304
111050,27.0613287304
111100,27.0737082304
111150,27.0860877304
111200,27.0984672304
111250,27.1108467304
111300,27.1232262304
111350,27.1356057304
111400,27.1479852304
111450,27.1603647304
111500,27.1727442304
111550,27.1851237304
111600,27.1975032304
111650,27.2098827304
111700,27.2222622304
111750,27.2346417304
111800,27.2470212304
111850,27.2594007304
111900,27.2717802304
111950,27.2841597304
112000,27.2965392304
112050,27.3089187304
112100,27.3212982304
112150,27.3336777304
112200,27.3460572304
112250,27.3584367304
112300,27.3708162304
112350,27.3831957304
112400,27.3955752304
112450,27.4079547304
112500,27.4203342304
112550,27.4327137304
112600,27.4450932304
112650,27.4574727304
112700,27.4698522304
112750,27.4822317304
112800,27.4946112304
112850,27.5069907304
112900,27.5193702304
112950,27.5317497304
113000,27.5441292304
113050,27.5565087304
113100,27.5688882304
113150,27.5812677304
113200,27.5936472304
113250,27.6060267304
113300,27.6184062304
113350,27.6307857304
113400,27.6431652304
113450,27.6555447304
113500,27.6679242304
113550,27.6803037304
113600,27.6926832304
113650,27.7050627304
113700,27.7174422304
113750,27.7298217304
113800,27.7422012304
113850,27.7545807304
113900,27.7669602304
113950,27.7793397304
114000,27.7917192304
114050,27.8040987304
114100,27.8164782304
114150,27.8288577304
114200,27.8412372304
114250,27.8536167304
114300,27.8659962304
114350,27.8783757304
114400,27.8907552304
114450,27.9031347304
114500,27.9155142304
114550,27.9278937304
114600,27.9402732304
114650,27.9526527304
114700,27.9650322304
114750,27.9774117304
114800,27.9897912304
114850,28.0021707304
114900,28.0145502304
114950,28.0269297304
115000,28.0393092304
115050,28.0516887304
115100,28.0640682304
115150,28.0764477304
115200,28.0888272304
115250,28.1012067304
115300,28.1135862304
115350,28.1259657304
115400,28.1383452304
115450,28.1507247304
115500,28.1631042304
115550,28.1754837304
115600,28.1878632304
115650,28.2002427304
115700,28.2126222304
115750,28.2250017304
115800,28.2373812304
115850,28.2497607304
115900,28.2621402304
115950,28.2745197304
116000,28.2868992304
116050,28.2992787304
116100,28.3116582304
116150,28.3240377304
116200,28.3364172304
116250,28.3487967304
116300,28.3611762304
116350,28.3735557304
116400,28.3859352304
116450,28.3983147304
116500,28.4106942304
116550,28.4230737304
116600,28.4354532304
116650,28.4478327304
116700,28.4602122304
116750,28.4725917304
116800,28.4849712304
116850,28.4973507304
116900,28.5097302304
116950,28.5221097304
117000,28.5344892305
117050,28.5468687305
117100,28.5592482305
117150,28.5716277305
117200,28.5840072305
117250,28.5963867305
117300,28.6087662305
117350,28.6211457305
117400,28.6335252305
117450,28.6459047305
117500,28.6582842305
117550,28.6706637305
117600,28.6830432305
117650,28.6954227305
117700,28.7078022305
117750,28.7201817305
117800,28.7325612305
117850,28.7449407305
117900,28.7573202305
117950,28.7696997305
118000,28.7820792305
118050,28.7944587305
118100,28.8068382305
118150,28.8192177305
118200,28.8315972305
118250,28.8439767305
118300,28.8563562305
118350,28.8687357305
118400,28.8811152305
118450,28.8934947305
118500,28.9058742305
118550,28.9182537305
118600,28.9306332305
118650,28.9430127305
118700,28.9553922305
118750,28.9677717305
118800,28.9801512305
118850,28.9925307305
118900,29.0049102305
118950,29.0172897305
119000,29.0296692305
119050,29.0420487305
119100,29.0544282305
119150,29.0668077305
119200,29.0791872305
119250,29.0915667305
119300,29.1039462305
119350,29.1163257305
119400,29.1287052305
119450,29.1410847305
119500,29.1534642305
119550,29.1658437305
119600,29.1782232305
119650,29.1906027305
119700,29.2029822305
119750,29.2153617305
119800,29.2277412305
119850,29.2401207305
119900,29.2525002305
119950,29.2648797305
120000,29.2772592305
120050,29.2896387305
120100,29.3020182305
120150,29.3143977305
120200,29.3267772305
120250,29.3391567305
120300,29.3515362305
120350,29.3639157305
120400,29.3762952305
120450,29.3886747305
120500,29.4010542305
120550,29.4134337305
120600,29.4258132305
120650,29.4381927305
120700,29.4505722305
120750,29.4629517305
120800,29.4753312305
120850,29.4877107305
120900,29.5000902305
120950,29.5124697305
121000,29.5248492305
121050,29.5372287305
121100,29.5496082305
121150,29.5619877305
121200,29.5743672305
121250,29.5867467305
121300,29.5991262305
121350,29.6115057305
121400,29.6238852305
121450,29.6362647305
121500,29.6486442305
121550,29.6610237305
121600,29.6734032305
121650,29.6857827305
121700,29.6981622305
121750,29.7105417305
121800,29.7229212305
121850,29.7353007305
121900,29.7476802305
121950,29.7600597305
122000,29.7724392305
122050,29.7848187305
122100,29.7971982305
122150,29.8095777305
122200,29.8219572305
122250,29.8343367305
122300,29.8467162305
122350,29.8590957305
122400,29.8714752305
122450,29.8838547305
122500,29.8962342305
122550,29.9086137305
122600,29.9209932305
122650,29.9333727305
122700,29.9457522305
122750,29.9581317305
122800,29.9705112305
122850,29.9828907305
122900,29.9952702305
122950,30.0076497305
123000,30.0200292305
123050,30.0324087305
123100,30.0447882305
123150,30.0571677305
123200,30.0695472305
123250,30.0819267305
123300,30.0943062305
123350,30.1066857305
123400,30.1190652305
123450,30.1314447305
123500,30.1438242305
123550,30.1562037305
123600,30.1412424005
