0,0,0.4008043800
0,1,0.4039130100
0,2,0.4050016400
0,3,0.4020227600
0,4,0.4050213500
0,5,0.4080199400
0,6,0.4110185300
0,7,0.4140171200
0,8,0.4149957100
0,9,0.4179667900
0,10,0.4209378700
0,11,0.4239089500
0,12,0.4268800300
0,13,0.4298511100
0,14,0.4328221900
0,15,0.4357932700
0,16,0.4387643500
0,17,0.4417354300
0,18,0.4447065100
0,19,0.4476775900
0,20,0.4506486700
0,21,0.4536197500
0,22,0.4565908300
0,23,0.4595619100
0,24,0.4625329900
0,25,0.4655040700
0,26,0.4684751500
0,27,0.4714462300
0,28,0.4744173100
0,29,0.4773883900
0,30,0.4803594700
0,31,0.4833305500
0,32,0.4863016300
0,33,0.4892727100
0,34,0.4922437900
0,35,0.4952148700
0,36,0.4981859500
0,37,0.5011570300
0,38,0.5041281100
0,39,0.5070991900
0,40,0.5100702700
0,41,0.5130413500
0,42,0.5160124300
0,43,0.5189835100
0,44,0.5219545900
0,45,0.5249256700
0,46,0.5278967500
0,47,0.5308678300
0,48,0.5338389100
0,49,0.5368099900
0,50,0.5397810700
0,51,0.5427521500
0,52,0.5457232300
0,53,0.5486943100
0,54,0.5516653900
0,55,0.5546364700
0,56,0.5576075500
0,57,0.5605786300
0,58,0.5635497100
0,59,0.5665207900
0,60,0.5694918700
0,61,0.5724629500
0,62,0.5754340300
0,63,0.5784051100
0,64,0.5813761900
0,65,0.5843472700
0,66,0.5873183500
0,67,0.5902894300
0,68,0.5932605100
0,69,0.5962315900
0,70,0.5992026700
0,71,0.6021737500
0,72,0.6051448300
0,73,0.6081159100
0,74,0.6110869900
0,75,0.6140580700
0,76,0.6150091500
0,77,0.6159327200
0,78,0.6188487800
0,79,0.6197448400
0,80,0.6206133900
0,81,0.6194344300
0,82,0.6182004500
0,83,0.6209514500
0,84,0.6237024500
0,85,0.6224134500
0,86,0.6230894300
0,87,0.6115979000
0,88,0.6120262900
0,89,0.6104071700
0,90,0.6127730300
0,91,0.6131188900
0,92,0.6114172400
0,93,0.5955205700
0,94,0.5793763100
0,95,0.5569244600
0,96,0.5361624900
0,97,0.5191379100
0,98,0.5139857400
0,99,0.5127910400
0,100,0.4209378700
1,0,0.4239089500
1,1,0.4268800300
1,2,0.4298511100
1,3,0.4328221900
1,4,0.4357932700
1,5,0.4387643500
1,6,0.4417354300
1,7,0.4447065100
1,8,0.4476775900
1,9,0.4870459300
1,10,0.4833635600
1,11,0.4836661700
1,12,0.4839687800
1,13,0.4822513900
1,14,0.4825264900
1,15,0.4828015900
1,16,0.4810566900
1,17,0.4813042800
1,18,0.4815518700
1,19,0.4817994600
1,20,0.4820470500
1,21,0.4822946400
1,22,0.4825422300
1,23,0.4827898200
1,24,0.4830374100
1,25,0.4832850000
1,26,0.4835325900
1,27,0.4837801800
1,28,0.4840277700
1,29,0.4842753600
1,30,0.4845229500
1,31,0.4847705400
1,32,0.4850181300
1,33,0.4852657200
1,34,0.4855133100
1,35,0.4857609000
1,36,0.4860084900
1,37,0.4862560800
1,38,0.4865036700
1,39,0.4867512600
1,40,0.4869988500
1,41,0.4872464400
1,42,0.4874940300
1,43,0.4877416200
1,44,0.4879892100
1,45,0.4882368000
1,46,0.4884843900
1,47,0.4887319800
1,48,0.4889795700
1,49,0.4892271600
1,50,0.4894747500
1,51,0.4897223400
1,52,0.4899699300
1,53,0.4902175200
1,54,0.4904651100
1,55,0.4907127000
1,56,0.4909602900
1,57,0.4912078800
1,58,0.4914554700
1,59,0.4917030600
1,60,0.4919506500
1,61,0.4921982400
1,62,0.4924458300
1,63,0.4926934200
1,64,0.4929410100
1,65,0.4931886000
1,66,0.4934361900
1,67,0.4936837800
1,68,0.4939313700
1,69,0.4941789600
1,70,0.4944265500
1,71,0.4946741400
1,72,0.4949217300
1,73,0.4951693200
1,74,0.4954169100
1,75,0.4956645000
1,76,0.4959120900
1,77,0.4961596800
1,78,0.4964072700
1,79,0.4966548600
1,80,0.4969024500
1,81,0.4971500400
1,82,0.4973976300
1,83,0.4976452200
1,84,0.4978928100
1,85,0.4981404000
1,86,0.4983879900
1,87,0.4986355800
1,88,0.4988831700
1,89,0.4991307600
1,90,0.4993783500
1,91,0.4996259400
1,92,0.4998735300
1,93,0.5001211200
1,94,0.5003687100
1,95,0.5006163000
1,96,0.5008638900
1,97,0.5011114800
1,98,0.5013590700
1,99,0.4506486700
1,100,0.4536197500
2,0,0.4565908300
2,1,0.4595619100
2,2,0.4625329900
2,3,0.4655040700
2,4,0.4684751500
2,5,0.4714462300
2,6,0.4744173100
2,7,0.4773883900
2,8,0.5040825600
2,9,0.5043301500
2,10,0.5045777400
2,11,0.5048253300
2,12,0.5050729200
2,13,0.5053205100
2,14,0.5055681000
2,15,0.5058156900
2,16,0.5060632800
2,17,0.5063108700
2,18,0.5065584600
2,19,0.5068060500
2,20,0.5070536400
2,21,0.5073012300
2,22,0.5075488200
2,23,0.5077964100
2,24,0.5080440000
2,25,0.5082915900
2,26,0.5085391800
2,27,0.5087867700
2,28,0.5090343600
2,29,0.5092819500
2,30,0.5095295400
2,31,0.5097771300
2,32,0.5100247200
2,33,0.5102723100
2,34,0.5105199000
2,35,0.5107674900
2,36,0.5110150800
2,37,0.5112626700
2,38,0.5115102600
2,39,0.5117578500
2,40,0.5120054400
2,41,0.5122530300
2,42,0.5125006200
2,43,0.5127482100
2,44,0.5129958000
2,45,0.5132433900
2,46,0.5134909800
2,47,0.5137385700
2,48,0.5139861600
2,49,0.5142337500
2,50,0.5144813400
2,51,0.5147289300
2,52,0.5149765200
2,53,0.5152241100
2,54,0.5154717000
2,55,0.5157192900
2,56,0.5159668800
2,57,0.5162144700
2,58,0.5164620600
2,59,0.5167096500
2,60,0.5169572400
2,61,0.5172048300
2,62,0.5174524200
2,63,0.5177000100
2,64,0.5179476000
2,65,0.5181951900
2,66,0.5184427800
2,67,0.5186903700
2,68,0.5189379600
2,69,0.5191855500
2,70,0.5194331400
2,71,0.5196807300
2,72,0.5199283200
2,73,0.5201759100
2,74,0.5204235000
2,75,0.5206710900
2,76,0.5209186800
2,77,0.5211662700
2,78,0.5214138600
2,79,0.5216614500
2,80,0.5219090400
2,81,0.5221566300
2,82,0.5224042200
2,83,0.5226518100
2,84,0.5228994000
2,85,0.5231469900
2,86,0.5233945800
2,87,0.5236421700
2,88,0.5238897600
2,89,0.5241373500
2,90,0.5243849400
2,91,0.5246325300
2,92,0.5248801200
2,93,0.5251277100
2,94,0.5253753000
2,95,0.5256228900
2,96,0.5258704800
2,97,0.5261180700
2,98,0.4803594700
2,99,0.4833305500
2,100,0.4863016300
3,0,0.4892727100
3,1,0.4922437900
3,2,0.4952148700
3,3,0.4981859500
3,4,0.5011570300
3,5,0.5041281100
3,6,0.5070991900
3,7,0.5288415600
3,8,0.5290891500
3,9,0.5293367400
3,10,0.5295843300
3,11,0.5298319200
3,12,0.5300795100
3,13,0.5303271000
3,14,0.5305746900
3,15,0.5308222800
3,16,0.5310698700
3,17,0.5313174600
3,18,0.5315650500
3,19,0.5318126400
3,20,0.5320602300
3,21,0.5323078200
3,22,0.5325554100
3,23,0.5328030000
3,24,0.5330505900
3,25,0.5332981800
3,26,0.5335457700
3,27,0.5337933600
3,28,0.5340409500
3,29,0.5342885400
3,30,0.5345361300
3,31,0.5347837200
3,32,0.5350313100
3,33,0.5352789000
3,34,0.5355264900
3,35,0.5357740800
3,36,0.5360216700
3,37,0.5362692600
3,38,0.5365168500
3,39,0.5367644400
3,40,0.5370120300
3,41,0.5372596200
3,42,0.5375072100
3,43,0.5377548000
3,44,0.5380023900
3,45,0.5382499800
3,46,0.5384975700
3,47,0.5387451600
3,48,0.5389927500
3,49,0.5392403400
3,50,0.5394879300
3,51,0.5397355200
3,52,0.5399831100
3,53,0.5402307000
3,54,0.5404782900
3,55,0.5407258800
3,56,0.5409734700
3,57,0.5412210600
3,58,0.5414686500
3,59,0.5417162400
3,60,0.5419638300
3,61,0.5422114200
3,62,0.5424590100
3,63,0.5427066000
3,64,0.5429541900
3,65,0.5432017800
3,66,0.5434493700
3,67,0.5436969600
3,68,0.5439445500
3,69,0.5441921400
3,70,0.5444397300
3,71,0.5446873200
3,72,0.5449349100
3,73,0.5451825000
3,74,0.5454300900
3,75,0.5456776800
3,76,0.5459252700
3,77,0.5461728600
3,78,0.5464204500
3,79,0.5466680400
3,80,0.5469156300
3,81,0.5471632200
3,82,0.5474108100
3,83,0.5476584000
3,84,0.5479059900
3,85,0.5481535800
3,86,0.5484011700
3,87,0.5486487600
3,88,0.5488963500
3,89,0.5491439400
3,90,0.5493915300
3,91,0.5496391200
3,92,0.5498867100
3,93,0.5501343000
3,94,0.5503818900
3,95,0.5506294800
3,96,0.5508770700
3,97,0.5100702700
3,98,0.5130413500
3,99,0.5160124300
3,100,0.5189835100
4,0,0.5219545900
4,1,0.5249256700
4,2,0.5278967500
4,3,0.5308678300
4,4,0.5338389100
4,5,0.5368099900
4,6,0.5536005600
4,7,0.5538481500
4,8,0.5540957400
4,9,0.5543433300
4,10,0.5545909200
4,11,0.5548385100
4,12,0.5550861000
4,13,0.5553336900
4,14,0.5555812800
4,15,0.5558288700
4,16,0.5560764600
4,17,0.5563240500
4,18,0.5565716400
4,19,0.5568192300
4,20,0.5570668200
4,21,0.5573144100
4,22,0.5575620000
4,23,0.5578095900
4,24,0.5580571800
4,25,0.5583047700
4,26,0.5585523600
4,27,0.5587999500
4,28,0.5590475400
4,29,0.5592951300
4,30,0.5595427200
4,31,0.5597903100
4,32,0.5600379000
4,33,0.5602854900
4,34,0.5605330800
4,35,0.5607806700
4,36,0.5610282600
4,37,0.5612758500
4,38,0.5615234400
4,39,0.5617710300
4,40,0.5620186200
4,41,0.5622662100
4,42,0.5625138000
4,43,0.5627613900
4,44,0.5630089800
4,45,0.5632565700
4,46,0.5635041600
4,47,0.5637517500
4,48,0.5639993400
4,49,0.5642469300
4,50,0.5644945200
4,51,0.5647421100
4,52,0.5649897000
4,53,0.5652372900
4,54,0.5654848800
4,55,0.5657324700
4,56,0.5659800600
4,57,0.5662276500
4,58,0.5664752400
4,59,0.5667228300
4,60,0.5669704200
4,61,0.5672180100
4,62,0.5674656000
4,63,0.5677131900
4,64,0.5679607800
4,65,0.5682083700
4,66,0.5684559600
4,67,0.5687035500
4,68,0.5689511400
4,69,0.5691987300
4,70,0.5694463200
4,71,0.5696939100
4,72,0.5699415000
4,73,0.5701890900
4,74,0.5704366800
4,75,0.5706842700
4,76,0.5709318600
4,77,0.5711794500
4,78,0.5714270400
4,79,0.5716746300
4,80,0.5719222200
4,81,0.5721698100
4,82,0.5724174000
4,83,0.5726649900
4,84,0.5729125800
4,85,0.5731601700
4,86,0.5734077600
4,87,0.5736553500
4,88,0.5739029400
4,89,0.5741505300
4,90,0.5743981200
4,91,0.5746457100
4,92,0.5748933000
4,93,0.5751408900
4,94,0.5753884800
4,95,0.5756360700
4,96,0.5397810700
4,97,0.5427521500
4,98,0.5457232300
4,99,0.5486943100
4,100,0.5516653900
5,0,0.5546364700
5,1,0.5576075500
5,2,0.5605786300
5,3,0.5635497100
5,4,0.5665207900
5,5,0.5783595600
5,6,0.5786071500
5,7,0.5788547400
5,8,0.5791023300
5,9,0.5793499200
5,10,0.5795975100
5,11,0.5798451000
5,12,0.5800926900
5,13,0.5803402800
5,14,0.5805878700
5,15,0.5808354600
5,16,0.5810830500
5,17,0.5813306400
5,18,0.5815782300
5,19,0.5818258200
5,20,0.5820734100
5,21,0.5823210000
5,22,0.5825685900
5,23,0.5828161800
5,24,0.5830637700
5,25,0.5833113600
5,26,0.5835589500
5,27,0.5838065400
5,28,0.5840541300
5,29,0.5843017200
5,30,0.5845493100
5,31,0.5847969000
5,32,0.5850444900
5,33,0.5852920800
5,34,0.5855396700
5,35,0.5857872600
5,36,0.5860348500
5,37,0.5862824400
5,38,0.5865300300
5,39,0.5867776200
5,40,0.5870252100
5,41,0.5872728000
5,42,0.5875203900
5,43,0.5877679800
5,44,0.5880155700
5,45,0.5882631600
5,46,0.5885107500
5,47,0.5887583400
5,48,0.5890059300
5,49,0.5892535200
5,50,0.5895011100
5,51,0.5897487000
5,52,0.5899962900
5,53,0.5902438800
5,54,0.5904914700
5,55,0.5907390600
5,56,0.5909866500
5,57,0.5912342400
5,58,0.5914818300
5,59,0.5917294200
5,60,0.5919770100
5,61,0.5922246000
5,62,0.5924721900
5,63,0.5927197800
5,64,0.5929673700
5,65,0.5932149600
5,66,0.5934625500
5,67,0.5937101400
5,68,0.5939577300
5,69,0.5942053200
5,70,0.5944529100
5,71,0.5947005000
5,72,0.5949480900
5,73,0.5951956800
5,74,0.5954432700
5,75,0.5956908600
5,76,0.5959384500
5,77,0.5961860400
5,78,0.5964336300
5,79,0.5966812200
5,80,0.5969288100
5,81,0.5971764000
5,82,0.5974239900
5,83,0.5976715800
5,84,0.5979191700
5,85,0.5981667600
5,86,0.5984143500
5,87,0.5986619400
5,88,0.5989095300
5,89,0.5991571200
5,90,0.5994047100
5,91,0.5996523000
5,92,0.5998998900
5,93,0.6001474800
5,94,0.6003950700
5,95,0.5694918700
5,96,0.5724629500
5,97,0.5754340300
5,98,0.5784051100
5,99,0.5813761900
5,100,0.5843472700
6,0,0.5873183500
6,1,0.5902894300
6,2,0.5932605100
6,3,0.5962315900
6,4,0.6031185600
6,5,0.6033661500
6,6,0.6036137400
6,7,0.6038613300
6,8,0.6041089200
6,9,0.6043565100
6,10,0.6046041000
6,11,0.6048516900
6,12,0.6050992800
6,13,0.6053468700
6,14,0.6055944600
6,15,0.6058420500
6,16,0.6060896400
6,17,0.6063372300
6,18,0.6065848200
6,19,0.6068324100
6,20,0.6070800000
6,21,0.6073275900
6,22,0.6075751800
6,23,0.6078227700
6,24,0.6080703600
6,25,0.6083179500
6,26,0.6085655400
6,27,0.6088131300
6,28,0.6090607200
6,29,0.6093083100
6,30,0.6095559000
6,31,0.6098034900
6,32,0.6100510800
6,33,0.6102986700
6,34,0.6105462600
6,35,0.6107938500
6,36,0.6110414400
6,37,0.6112890300
6,38,0.6115366200
6,39,0.6117842100
6,40,0.6120318000
6,41,0.6122793900
6,42,0.6125269800
6,43,0.6127745700
6,44,0.6130221600
6,45,0.6132697500
6,46,0.6135173400
6,47,0.6137649300
6,48,0.6140125200
6,49,0.6142601100
6,50,0.6145077000
6,51,0.6147552900
6,52,0.6150028800
6,53,0.6152504700
6,54,0.6154980600
6,55,0.6157456500
6,56,0.6159932400
6,57,0.6162408300
6,58,0.6164884200
6,59,0.6167360100
6,60,0.6169836000
6,61,0.6172311900
6,62,0.6174787800
6,63,0.6177263700
6,64,0.6179739600
6,65,0.6182215500
6,66,0.6184691400
6,67,0.6187167300
6,68,0.6189643200
6,69,0.6192119100
6,70,0.6194595000
6,71,0.6197070900
6,72,0.6199546800
6,73,0.6202022700
6,74,0.6204498600
6,75,0.6206974500
6,76,0.6209450400
6,77,0.6211926300
6,78,0.6214402200
6,79,0.6216878100
6,80,0.6219354000
6,81,0.6221829900
6,82,0.6224305800
6,83,0.6226781700
6,84,0.6229257600
6,85,0.6231733500
6,86,0.6234209400
6,87,0.6236685300
6,88,0.6239161200
6,89,0.6241637100
6,90,0.6244113000
6,91,0.6246588900
6,92,0.6249064800
6,93,0.6251540700
6,94,0.5992026700
6,95,0.6021737500
6,96,0.6051448300
6,97,0.6081159100
6,98,0.6110869900
6,99,0.6140580700
6,100,0.6150091500
7,0,0.6159327200
7,1,0.6188487800
7,2,0.6197448400
7,3,0.6278775600
7,4,0.6281251500
7,5,0.6283727400
7,6,0.6286203300
7,7,0.6288679200
7,8,0.6291155100
7,9,0.6293631000
7,10,0.6296106900
7,11,0.6298582800
7,12,0.6301058700
7,13,0.6303534600
7,14,0.6306010500
7,15,0.6308486400
7,16,0.6310962300
7,17,0.6313438200
7,18,0.6315914100
7,19,0.6318390000
7,20,0.6320865900
7,21,0.6323341800
7,22,0.6325817700
7,23,0.6328293600
7,24,0.6330769500
7,25,0.6333245400
7,26,0.6335721300
7,27,0.6338197200
7,28,0.6340673100
7,29,0.6343149000
7,30,0.6345624900
7,31,0.6348100800
7,32,0.6350576700
7,33,0.6353052600
7,34,0.6355528500
7,35,0.6358004400
7,36,0.6360480300
7,37,0.6362956200
7,38,0.6365432100
7,39,0.6367908000
7,40,0.6370383900
7,41,0.6372859800
7,42,0.6375335700
7,43,0.6377811600
7,44,0.6380287500
7,45,0.6382763400
7,46,0.6385239300
7,47,0.6387715200
7,48,0.6390191100
7,49,0.6392667000
7,50,0.6395142900
7,51,0.6397618800
7,52,0.6400094700
7,53,0.6402570600
7,54,0.6405046500
7,55,0.6407522400
7,56,0.6409998300
7,57,0.6412474200
7,58,0.6414950100
7,59,0.6417426000
7,60,0.6419901900
7,61,0.6422377800
7,62,0.6424853700
7,63,0.6427329600
7,64,0.6429805500
7,65,0.6432281400
7,66,0.6434757300
7,67,0.6437233200
7,68,0.6439709100
7,69,0.6442185000
7,70,0.6444660900
7,71,0.6447136800
7,72,0.6449612700
7,73,0.6452088600
7,74,0.6454564500
7,75,0.6457040400
7,76,0.6459516300
7,77,0.6461992200
7,78,0.6464468100
7,79,0.6466944000
7,80,0.6469419900
7,81,0.6471895800
7,82,0.6474371700
7,83,0.6476847600
7,84,0.6479323500
7,85,0.6481799400
7,86,0.6484275300
7,87,0.6486751200
7,88,0.6489227100
7,89,0.6491703000
7,90,0.6494178900
7,91,0.6496654800
7,92,0.6499130700
7,93,0.6206133900
7,94,0.6194344300
7,95,0.6182004500
7,96,0.6209514500
7,97,0.6237024500
7,98,0.6224134500
7,99,0.6230894300
7,100,0.6115979000
8,0,0.6120262900
8,1,0.6104071700
8,2,0.6526365600
8,3,0.6528841500
8,4,0.6531317400
8,5,0.6533793300
8,6,0.6536269200
8,7,0.6538745100
8,8,0.6541221000
8,9,0.6543696900
8,10,0.6546172800
8,11,0.6548648700
8,12,0.6551124600
8,13,0.6553600500
8,14,0.6556076400
8,15,0.6558552300
8,16,0.6561028200
8,17,0.6563504100
8,18,0.6565980000
8,19,0.6568455900
8,20,0.6570931800
8,21,0.6573407700
8,22,0.6575883600
8,23,0.6578359500
8,24,0.6580835400
8,25,0.6583311300
8,26,0.6585787200
8,27,0.6588263100
8,28,0.6590739000
8,29,0.6593214900
8,30,0.6595690800
8,31,0.6598166700
8,32,0.6600642600
8,33,0.6603118500
8,34,0.6605594400
8,35,0.6608070300
8,36,0.6610546200
8,37,0.6613022100
8,38,0.6615498000
8,39,0.6617973900
8,40,0.6620449800
8,41,0.6622925700
8,42,0.6625401600
8,43,0.6627877500
8,44,0.6630353400
8,45,0.6632829300
8,46,0.6635305200
8,47,0.6637781100
8,48,0.6640257000
8,49,0.6642732900
8,50,0.6645208800
8,51,0.6647684700
8,52,0.6650160600
8,53,0.6652636500
8,54,0.6655112400
8,55,0.6657588300
8,56,0.6660064200
8,57,0.6662540100
8,58,0.6665016000
8,59,0.6667491900
8,60,0.6669967800
8,61,0.6672443700
8,62,0.6674919600
8,63,0.6677395500
8,64,0.6679871400
8,65,0.6682347300
8,66,0.6684823200
8,67,0.6687299100
8,68,0.6689775000
8,69,0.6692250900
8,70,0.6694726800
8,71,0.6697202700
8,72,0.6699678600
8,73,0.6702154500
8,74,0.6704630400
8,75,0.6707106300
8,76,0.6709582200
8,77,0.6712058100
8,78,0.6714534000
8,79,0.6717009900
8,80,0.6719485800
8,81,0.6721961700
8,82,0.6724437600
8,83,0.6726913500
8,84,0.6729389400
8,85,0.6731865300
8,86,0.6734341200
8,87,0.6736817100
8,88,0.6739293000
8,89,0.6741768900
8,90,0.6744244800
8,91,0.6746720700
8,92,0.6127730300
8,93,0.6131188900
8,94,0.6114172400
8,95,0.5955205700
8,96,0.5793763100
8,97,0.5569244600
8,98,0.5361624900
8,99,0.5191379100
8,100,0.5139857400
9,0,0.5127910400
9,1,0.6773955600
9,2,0.6776431500
9,3,0.6778907400
9,4,0.6781383300
9,5,0.6783859200
9,6,0.6786335100
9,7,0.6788811000
9,8,0.6791286900
9,9,0.6793762800
9,10,0.6796238700
9,11,0.6798714600
9,12,0.6801190500
9,13,0.6803666400
9,14,0.6806142300
9,15,0.6808618200
9,16,0.6811094100
9,17,0.6813570000
9,18,0.6816045900
9,19,0.6818521800
9,20,0.6820997700
9,21,0.6823473600
9,22,0.6825949500
9,23,0.6828425400
9,24,0.6830901300
9,25,0.6833377200
9,26,0.6835853100
9,27,0.6838329000
9,28,0.6840804900
9,29,0.6843280800
9,30,0.6845756700
9,31,0.6848232600
9,32,0.6850708500
9,33,0.6853184400
9,34,0.6855660300
9,35,0.6858136200
9,36,0.6860612100
9,37,0.6863088000
9,38,0.6865563900
9,39,0.6868039800
9,40,0.6870515700
9,41,0.6872991600
9,42,0.6875467500
9,43,0.6877943400
9,44,0.6880419300
9,45,0.6882895200
9,46,0.6885371100
9,47,0.6887847000
9,48,0.6890322900
9,49,0.6892798800
9,50,0.6895274700
9,51,0.6897750600
9,52,0.6900226500
9,53,0.6902702400
9,54,0.6905178300
9,55,0.6907654200
9,56,0.6910130100
9,57,0.6912606000
9,58,0.6915081900
9,59,0.6917557800
9,60,0.6920033700
9,61,0.6922509600
9,62,0.6924985500
9,63,0.6927461400
9,64,0.6929937300
9,65,0.6932413200
9,66,0.6934889100
9,67,0.6937365000
9,68,0.6939840900
9,69,0.6942316800
9,70,0.6944792700
9,71,0.6947268600
9,72,0.6949744500
9,73,0.6952220400
9,74,0.6954696300
9,75,0.6957172200
9,76,0.6959648100
9,77,0.6962124000
9,78,0.6964599900
9,79,0.6967075800
9,80,0.6969551700
9,81,0.6972027600
9,82,0.6974503500
9,83,0.6976979400
9,84,0.6979455300
9,85,0.6981931200
9,86,0.6984407100
9,87,0.6986883000
9,88,0.6989358900
9,89,0.6991834800
9,90,0.6994310700
9,91,0.5115688300
9,92,0.5103191100
9,93,0.5070218800
9,94,0.5016496300
9,95,0.5022548500
9,96,0.5008400700
9,97,0.4953577800
9,98,0.4958529600
9,99,0.4902881400
9,100,0.4886807900
10,0,0.7021545600
10,1,0.7024021500
10,2,0.7026497400
10,3,0.7028973300
10,4,0.7031449200
10,5,0.7033925100
10,6,0.7036401000
10,7,0.7038876900
10,8,0.7041352800
10,9,0.7043828700
10,10,0.7046304600
10,11,0.7048780500
10,12,0.7051256400
10,13,0.7053732300
10,14,0.7056208200
10,15,0.7058684100
10,16,0.7061160000
10,17,0.7063635900
10,18,0.7066111800
10,19,0.7068587700
10,20,0.7071063600
10,21,0.7073539500
10,22,0.7076015400
10,23,0.7078491300
10,24,0.7080967200
10,25,0.7083443100
10,26,0.7085919000
10,27,0.7088394900
10,28,0.7090870800
10,29,0.7093346700
10,30,0.7095822600
10,31,0.7098298500
10,32,0.7100774400
10,33,0.7103250300
10,34,0.7105726200
10,35,0.7108202100
10,36,0.7110678000
10,37,0.7113153900
10,38,0.7115629800
10,39,0.7118105700
10,40,0.7120581600
10,41,0.7123057500
10,42,0.7125533400
10,43,0.7128009300
10,44,0.7130485200
10,45,0.7132961100
10,46,0.7135437000
10,47,0.7137912900
10,48,0.7140388800
10,49,0.7142864700
10,50,0.7145340600
10,51,0.7147816500
10,52,0.7150292400
10,53,0.7152768300
10,54,0.7155244200
10,55,0.7157720100
10,56,0.7160196000
10,57,0.7162671900
10,58,0.7165147800
10,59,0.7167623700
10,60,0.7170099600
10,61,0.7172575500
10,62,0.7175051400
10,63,0.7177527300
10,64,0.7180003200
10,65,0.7182479100
10,66,0.7184955000
10,67,0.7187430900
10,68,0.7189906800
10,69,0.7192382700
10,70,0.7194858600
10,71,0.7197334500
10,72,0.7199810400
10,73,0.7202286300
10,74,0.7204762200
10,75,0.7207238100
10,76,0.7209714000
10,77,0.7212189900
10,78,0.7214665800
10,79,0.7217141700
10,80,0.7219617600
10,81,0.7222093500
10,82,0.7224569400
10,83,0.7227045300
10,84,0.7229521200
10,85,0.7231997100
10,86,0.7234473000
10,87,0.7236948900
10,88,0.7239424800
10,89,0.7241900700
10,90,0.4870459300
10,91,0.4833635600
10,92,0.4836661700
10,93,0.4839687800
10,94,0.4822513900
10,95,0.4825264900
10,96,0.4828015900
10,97,0.4810566900
10,98,0.4813042800
10,99,0.4815518700
10,100,0.7269135600
11,0,0.7271611500
11,1,0.7274087400
11,2,0.7276563300
11,3,0.7279039200
11,4,0.7281515100
11,5,0.7283991000
11,6,0.7286466900
11,7,0.7288942800
11,8,0.7291418700
11,9,0.7293894600
11,10,0.7296370500
11,11,0.7298846400
11,12,0.7301322300
11,13,0.7303798200
11,14,0.7306274100
11,15,0.7308750000
11,16,0.7311225900
11,17,0.7313701800
11,18,0.7316177700
11,19,0.7318653600
11,20,0.7321129500
11,21,0.7323605400
11,22,0.7326081300
11,23,0.7328557200
11,24,0.7331033100
11,25,0.7333509000
11,26,0.7335984900
11,27,0.7338460800
11,28,0.7340936700
11,29,0.7343412600
11,30,0.7345888500
11,31,0.7348364400
11,32,0.7350840300
11,33,0.7353316200
11,34,0.7355792100
11,35,0.7358268000
11,36,0.7360743900
11,37,0.7363219800
11,38,0.7365695700
11,39,0.7368171600
11,40,0.7370647500
11,41,0.7373123400
11,42,0.7375599300
11,43,0.7378075200
11,44,0.7380551100
11,45,0.7383027000
11,46,0.7385502900
11,47,0.7387978800
11,48,0.7390454700
11,49,0.7392930600
11,50,0.7395406500
11,51,0.7397882400
11,52,0.7400358300
11,53,0.7402834200
11,54,0.7405310100
11,55,0.7407786000
11,56,0.7410261900
11,57,0.7412737800
11,58,0.7415213700
11,59,0.7417689600
11,60,0.7420165500
11,61,0.7422641400
11,62,0.7425117300
11,63,0.7427593200
11,64,0.7430069100
11,65,0.7432545000
11,66,0.7435020900
11,67,0.7437496800
11,68,0.7439972700
11,69,0.7442448600
11,70,0.7444924500
11,71,0.7447400400
11,72,0.7449876300
11,73,0.7452352200
11,74,0.7454828100
11,75,0.7457304000
11,76,0.7459779900
11,77,0.7462255800
11,78,0.7464731700
11,79,0.7467207600
11,80,0.7469683500
11,81,0.7472159400
11,82,0.7474635300
11,83,0.7477111200
11,84,0.7479587100
11,85,0.7482063000
11,86,0.7484538900
11,87,0.7487014800
11,88,0.7489490700
11,89,0.4817994600
11,90,0.4820470500
11,91,0.4822946400
11,92,0.4825422300
11,93,0.4827898200
11,94,0.4830374100
11,95,0.4832850000
11,96,0.4835325900
11,97,0.4837801800
11,98,0.4840277700
11,99,0.7516725600
11,100,0.7519201500
12,0,0.7521677400
12,1,0.7524153300
12,2,0.7526629200
12,3,0.7529105100
12,4,0.7531581000
12,5,0.7534056900
12,6,0.7536532800
12,7,0.7539008700
12,8,0.7541484600
12,9,0.7543960500
12,10,0.7546436400
12,11,0.7548912300
12,12,0.7551388200
12,13,0.7553864100
12,14,0.7556340000
12,15,0.7558815900
12,16,0.7561291800
12,17,0.7563767700
12,18,0.7566243600
12,19,0.7568719500
12,20,0.7571195400
12,21,0.7573671300
12,22,0.7576147200
12,23,0.7578623100
12,24,0.7581099000
12,25,0.7583574900
12,26,0.7586050800
12,27,0.7588526700
12,28,0.7591002600
12,29,0.7593478500
12,30,0.7595954400
12,31,0.7598430300
12,32,0.7600906200
12,33,0.7603382100
12,34,0.7605858000
12,35,0.7608333900
12,36,0.7610809800
12,37,0.7613285700
12,38,0.7615761600
12,39,0.7618237500
12,40,0.7620713400
12,41,0.7623189300
12,42,0.7625665200
12,43,0.7628141100
12,44,0.7630617000
12,45,0.7633092900
12,46,0.7635568800
12,47,0.7638044700
12,48,0.7640520600
12,49,0.7642996500
12,50,0.7645472400
12,51,0.7647948300
12,52,0.7650424200
12,53,0.7652900100
12,54,0.7655376000
12,55,0.7657851900
12,56,0.7660327800
12,57,0.7662803700
12,58,0.7665279600
12,59,0.7667755500
12,60,0.7670231400
12,61,0.7672707300
12,62,0.7675183200
12,63,0.7677659100
12,64,0.7680135000
12,65,0.7682610900
12,66,0.7685086800
12,67,0.7687562700
12,68,0.7690038600
12,69,0.7692514500
12,70,0.7694990400
12,71,0.7697466300
12,72,0.7699942200
12,73,0.7702418100
12,74,0.7704894000
12,75,0.7707369900
12,76,0.7709845800
12,77,0.7712321700
12,78,0.7714797600
12,79,0.7717273500
12,80,0.7719749400
12,81,0.7722225300
12,82,0.7724701200
12,83,0.7727177100
12,84,0.7729653000
12,85,0.7732128900
12,86,0.7734604800
12,87,0.7737080700
12,88,0.4842753600
12,89,0.4845229500
12,90,0.4847705400
12,91,0.4850181300
12,92,0.4852657200
12,93,0.4855133100
12,94,0.4857609000
12,95,0.4860084900
12,96,0.4862560800
12,97,0.4865036700
12,98,0.7764315600
12,99,0.7766791500
12,100,0.7769267400
13,0,0.7771743300
13,1,0.7774219200
13,2,0.7776695100
13,3,0.7779171000
13,4,0.7781646900
13,5,0.7784122800
13,6,0.7786598700
13,7,0.7789074600
13,8,0.7791550500
13,9,0.7794026400
13,10,0.7796502300
13,11,0.7798978200
13,12,0.7801454100
13,13,0.7803930000
13,14,0.7806405900
13,15,0.7808881800
13,16,0.7811357700
13,17,0.7813833600
13,18,0.7816309500
13,19,0.7818785400
13,20,0.7821261300
13,21,0.7823737200
13,22,0.7826213100
13,23,0.7828689000
13,24,0.7831164900
13,25,0.7833640800
13,26,0.7836116700
13,27,0.7838592600
13,28,0.7841068500
13,29,0.7843544400
13,30,0.7846020300
13,31,0.7848496200
13,32,0.7850972100
13,33,0.7853448000
13,34,0.7855923900
13,35,0.7858399800
13,36,0.7860875700
13,37,0.7863351600
13,38,0.7865827500
13,39,0.7868303400
13,40,0.7870779300
13,41,0.7873255200
13,42,0.7875731100
13,43,0.7878207000
13,44,0.7880682900
13,45,0.7883158800
13,46,0.7885634700
13,47,0.7888110600
13,48,0.7890586500
13,49,0.7893062400
13,50,0.7895538300
13,51,0.7898014200
13,52,0.7900490100
13,53,0.7902966000
13,54,0.7905441900
13,55,0.7907917800
13,56,0.7910393700
13,57,0.7912869600
13,58,0.7915345500
13,59,0.7917821400
13,60,0.7920297300
13,61,0.7922773200
13,62,0.7925249100
13,63,0.7927725000
13,64,0.7930200900
13,65,0.7932676800
13,66,0.7935152700
13,67,0.7937628600
13,68,0.7940104500
13,69,0.7942580400
13,70,0.7945056300
13,71,0.7947532200
13,72,0.7950008100
13,73,0.7952484000
13,74,0.7954959900
13,75,0.7957435800
13,76,0.7959911700
13,77,0.7962387600
13,78,0.7964863500
13,79,0.7967339400
13,80,0.7969815300
13,81,0.7972291200
13,82,0.7974767100
13,83,0.7977243000
13,84,0.7979718900
13,85,0.7982194800
13,86,0.7984670700
13,87,0.4867512600
13,88,0.4869988500
13,89,0.4872464400
13,90,0.4874940300
13,91,0.4877416200
13,92,0.4879892100
13,93,0.4882368000
13,94,0.4884843900
13,95,0.4887319800
13,96,0.4889795700
13,97,0.8011905600
13,98,0.8014381500
13,99,0.8016857400
13,100,0.8019333300
14,0,0.8021809200
14,1,0.8024285100
14,2,0.8026761000
14,3,0.8029236900
14,4,0.8031712800
14,5,0.8034188700
14,6,0.8036664600
14,7,0.8039140500
14,8,0.8041616400
14,9,0.8044092300
14,10,0.8046568200
14,11,0.8049044100
14,12,0.8051520000
14,13,0.8053995900
14,14,0.8056471800
14,15,0.8058947700
14,16,0.8061423600
14,17,0.8063899500
14,18,0.8066375400
14,19,0.8068851300
14,20,0.8071327200
14,21,0.8073803100
14,22,0.8076279000
14,23,0.8078754900
14,24,0.8081230800
14,25,0.8083706700
14,26,0.8086182600
14,27,0.8088658500
14,28,0.8091134400
14,29,0.8093610300
14,30,0.8096086200
14,31,0.8098562100
14,32,0.8101038000
14,33,0.8103513900
14,34,0.8105989800
14,35,0.8108465700
14,36,0.8110941600
14,37,0.8113417500
14,38,0.8115893400
14,39,0.8118369300
14,40,0.8120845200
14,41,0.8123321100
14,42,0.8125797000
14,43,0.8128272900
14,44,0.8130748800
14,45,0.8133224700
14,46,0.8135700600
14,47,0.8138176500
14,48,0.8140652400
14,49,0.8143128300
14,50,0.8145604200
14,51,0.8148080100
14,52,0.8150556000
14,53,0.8153031900
14,54,0.8155507800
14,55,0.8157983700
14,56,0.8160459600
14,57,0.8162935500
14,58,0.8165411400
14,59,0.8167887300
14,60,0.8170363200
14,61,0.8172839100
14,62,0.8175315000
14,63,0.8177790900
14,64,0.8180266800
14,65,0.8182742700
14,66,0.8185218600
14,67,0.8187694500
14,68,0.8190170400
14,69,0.8192646300
14,70,0.8195122200
14,71,0.8197598100
14,72,0.8200074000
14,73,0.8202549900
14,74,0.8205025800
14,75,0.8207501700
14,76,0.8209977600
14,77,0.8212453500
14,78,0.8214929400
14,79,0.8217405300
14,80,0.8219881200
14,81,0.8222357100
14,82,0.8224833000
14,83,0.8227308900
14,84,0.8229784800
14,85,0.8232260700
14,86,0.4892271600
14,87,0.4894747500
14,88,0.4897223400
14,89,0.4899699300
14,90,0.4902175200
14,91,0.4904651100
14,92,0.4907127000
14,93,0.4909602900
14,94,0.4912078800
14,95,0.4914554700
14,96,0.8259495600
14,97,0.8261971500
14,98,0.8264447400
14,99,0.8266923300
14,100,0.8269399200
15,0,0.8271875100
15,1,0.8274351000
15,2,0.8276826900
15,3,0.8279302800
15,4,0.8281778700
15,5,0.8284254600
15,6,0.8286730500
15,7,0.8289206400
15,8,0.8291682300
15,9,0.8294158200
15,10,0.8296634100
15,11,0.8299110000
15,12,0.8301585900
15,13,0.8304061800
15,14,0.8306537700
15,15,0.8309013600
15,16,0.8311489500
15,17,0.8313965400
15,18,0.8316441300
15,19,0.8318917200
15,20,0.8321393100
15,21,0.8323869000
15,22,0.8326344900
15,23,0.8328820800
15,24,0.8331296700
15,25,0.8333772600
15,26,0.8336248500
15,27,0.8338724400
15,28,0.8341200300
15,29,0.8343676200
15,30,0.8346152100
15,31,0.8348628000
15,32,0.8351103900
15,33,0.8353579800
15,34,0.8356055700
15,35,0.8358531600
15,36,0.8361007500
15,37,0.8363483400
15,38,0.8365959300
15,39,0.8368435200
15,40,0.8370911100
15,41,0.8373387000
15,42,0.8375862900
15,43,0.8378338800
15,44,0.8380814700
15,45,0.8383290600
15,46,0.8385766500
15,47,0.8388242400
15,48,0.8390718300
15,49,0.8393194200
15,50,0.8395670100
15,51,0.8398146000
15,52,0.8400621900
15,53,0.8403097800
15,54,0.8405573700
15,55,0.8408049600
15,56,0.8410525500
15,57,0.8413001400
15,58,0.8415477300
15,59,0.8417953200
15,60,0.8420429100
15,61,0.8422905000
15,62,0.8425380900
15,63,0.8427856800
15,64,0.8430332700
15,65,0.8432808600
15,66,0.8435284500
15,67,0.8437760400
15,68,0.8440236300
15,69,0.8442712200
15,70,0.8445188100
15,71,0.8447664000
15,72,0.8450139900
15,73,0.8452615800
15,74,0.8455091700
15,75,0.8457567600
15,76,0.8460043500
15,77,0.8462519400
15,78,0.8464995300
15,79,0.8467471200
15,80,0.8469947100
15,81,0.8472423000
15,82,0.8474898900
15,83,0.8477374800
15,84,0.8479850700
15,85,0.4917030600
15,86,0.4919506500
15,87,0.4921982400
15,88,0.4924458300
15,89,0.4926934200
15,90,0.4929410100
15,91,0.4931886000
15,92,0.4934361900
15,93,0.4936837800
15,94,0.4939313700
15,95,0.8507085600
15,96,0.8509561500
15,97,0.8512037400
15,98,0.8514513300
15,99,0.8516989200
15,100,0.8519465100
16,0,0.8521941000
16,1,0.8524416900
16,2,0.8526892800
16,3,0.8529368700
16,4,0.8531844600
16,5,0.8534320500
16,6,0.8536796400
16,7,0.8539272300
16,8,0.8541748200
16,9,0.8544224100
16,10,0.8546700000
16,11,0.8549175900
16,12,0.8551651800
16,13,0.8554127700
16,14,0.8556603600
16,15,0.8559079500
16,16,0.8561555400
16,17,0.8564031300
16,18,0.8566507200
16,19,0.8568983100
16,20,0.8571459000
16,21,0.8573934900
16,22,0.8576410800
16,23,0.8578886700
16,24,0.8581362600
16,25,0.8583838500
16,26,0.8586314400
16,27,0.8588790300
16,28,0.8591266200
16,29,0.8593742100
16,30,0.8596218000
16,31,0.8598693900
16,32,0.8601169800
16,33,0.8603645700
16,34,0.8606121600
16,35,0.8608597500
16,36,0.8611073400
16,37,0.8613549300
16,38,0.8616025200
16,39,0.8618501100
16,40,0.8620977000
16,41,0.8623452900
16,42,0.8625928800
16,43,0.8628404700
16,44,0.8630880600
16,45,0.8633356500
16,46,0.8635832400
16,47,0.8638308300
16,48,0.8640784200
16,49,0.8643260100
16,50,0.8645736000
16,51,0.8648211900
16,52,0.8650687800
16,53,0.8653163700
16,54,0.8655639600
16,55,0.8658115500
16,56,0.8660591400
16,57,0.8663067300
16,58,0.8665543200
16,59,0.8668019100
16,60,0.8670495000
16,61,0.8672970900
16,62,0.8675446800
16,63,0.8677922700
16,64,0.8680398600
16,65,0.8682874500
16,66,0.8685350400
16,67,0.8687826300
16,68,0.8690302200
16,69,0.8692778100
16,70,0.8695254000
16,71,0.8697729900
16,72,0.8700205800
16,73,0.8702681700
16,74,0.8705157600
16,75,0.8707633500
16,76,0.8710109400
16,77,0.8712585300
16,78,0.8715061200
16,79,0.8717537100
16,80,0.8720013000
16,81,0.8722488900
16,82,0.8724964800
16,83,0.8727440700
16,84,0.4941789600
16,85,0.4944265500
16,86,0.4946741400
16,87,0.4949217300
16,88,0.4951693200
16,89,0.4954169100
16,90,0.4956645000
16,91,0.4959120900
16,92,0.4961596800
16,93,0.4964072700
16,94,0.8754675600
16,95,0.8757151500
16,96,0.8759627400
16,97,0.8762103300
16,98,0.8764579200
16,99,0.8767055100
16,100,0.8769531000
17,0,0.8772006900
17,1,0.8774482800
17,2,0.8776958700
17,3,0.8779434600
17,4,0.8781910500
17,5,0.8784386400
17,6,0.8786862300
17,7,0.8789338200
17,8,0.8791814100
17,9,0.8794290000
17,10,0.8796765900
17,11,0.8799241800
17,12,0.8801717700
17,13,0.8804193600
17,14,0.8806669500
17,15,0.8809145400
17,16,0.8811621300
17,17,0.8814097200
17,18,0.8816573100
17,19,0.8819049000
17,20,0.8821524900
17,21,0.8824000800
17,22,0.8826476700
17,23,0.8828952600
17,24,0.8831428500
17,25,0.8833904400
17,26,0.8836380300
17,27,0.8838856200
17,28,0.8841332100
17,29,0.8843808000
17,30,0.8846283900
17,31,0.8848759800
17,32,0.8851235700
17,33,0.8853711600
17,34,0.8856187500
17,35,0.8858663400
17,36,0.8861139300
17,37,0.8863615200
17,38,0.8866091100
17,39,0.8868567000
17,40,0.8871042900
17,41,0.8873518800
17,42,0.8875994700
17,43,0.8878470600
17,44,0.8880946500
17,45,0.8883422400
17,46,0.8885898300
17,47,0.8888374200
17,48,0.8890850100
17,49,0.8893326000
17,50,0.8895801900
17,51,0.8898277800
17,52,0.8900753700
17,53,0.8903229600
17,54,0.8905705500
17,55,0.8908181400
17,56,0.8910657300
17,57,0.8913133200
17,58,0.8915609100
17,59,0.8918085000
17,60,0.8920560900
17,61,0.8923036800
17,62,0.8925512700
17,63,0.8927988600
17,64,0.8930464500
17,65,0.8932940400
17,66,0.8935416300
17,67,0.8937892200
17,68,0.8940368100
17,69,0.8942844000
17,70,0.8945319900
17,71,0.8947795800
17,72,0.8950271700
17,73,0.8952747600
17,74,0.8955223500
17,75,0.8957699400
17,76,0.8960175300
17,77,0.8962651200
17,78,0.8965127100
17,79,0.8967603000
17,80,0.8970078900
17,81,0.8972554800
17,82,0.8975030700
17,83,0.4966548600
17,84,0.4969024500
17,85,0.4971500400
17,86,0.4973976300
17,87,0.4976452200
17,88,0.4978928100
17,89,0.4981404000
17,90,0.4983879900
17,91,0.4986355800
17,92,0.4988831700
17,93,0.9002265600
17,94,0.9004741500
17,95,0.9007217400
17,96,0.9009693300
17,97,0.9012169200
17,98,0.9014645100
17,99,0.9017121000
17,100,0.9019596900
18,0,0.9022072800
18,1,0.9024548700
18,2,0.9027024600
18,3,0.9029500500
18,4,0.9031976400
18,5,0.9034452300
18,6,0.9036928200
18,7,0.9039404100
18,8,0.9041880000
18,9,0.9044355900
18,10,0.9046831800
18,11,0.9049307700
18,12,0.9051783600
18,13,0.9054259500
18,14,0.9056735400
18,15,0.9059211300
18,16,0.9061687200
18,17,0.9064163100
18,18,0.9066639000
18,19,0.9069114900
18,20,0.9071590800
18,21,0.9074066700
18,22,0.9076542600
18,23,0.9079018500
18,24,0.9081494400
18,25,0.9083970300
18,26,0.9086446200
18,27,0.9088922100
18,28,0.9091398000
18,29,0.9093873900
18,30,0.9096349800
18,31,0.9098825700
18,32,0.9101301600
18,33,0.9103777500
18,34,0.9106253400
18,35,0.9108729300
18,36,0.9111205200
18,37,0.9113681100
18,38,0.9116157000
18,39,0.9118632900
18,40,0.9121108800
18,41,0.9123584700
18,42,0.9126060600
18,43,0.9128536500
18,44,0.9131012400
18,45,0.9133488300
18,46,0.9135964200
18,47,0.9138440100
18,48,0.9140916000
18,49,0.9143391900
18,50,0.9145867800
18,51,0.9148343700
18,52,0.9150819600
18,53,0.9153295500
18,54,0.9155771400
18,55,0.9158247300
18,56,0.9160723200
18,57,0.9163199100
18,58,0.9165675000
18,59,0.9168150900
18,60,0.9170626800
18,61,0.9173102700
18,62,0.9175578600
18,63,0.9178054500
18,64,0.9180530400
18,65,0.9183006300
18,66,0.9185482200
18,67,0.9187958100
18,68,0.9190434000
18,69,0.9192909900
18,70,0.9195385800
18,71,0.9197861700
18,72,0.9200337600
18,73,0.9202813500
18,74,0.9205289400
18,75,0.9207765300
18,76,0.9210241200
18,77,0.9212717100
18,78,0.9215193000
18,79,0.9217668900
18,80,0.9220144800
18,81,0.9222620700
18,82,0.4991307600
18,83,0.4993783500
18,84,0.4996259400
18,85,0.4998735300
18,86,0.5001211200
18,87,0.5003687100
18,88,0.5006163000
18,89,0.5008638900
18,90,0.5011114800
18,91,0.5013590700
18,92,0.9249855600
18,93,0.9252331500
18,94,0.9254807400
18,95,0.9257283300
18,96,0.9259759200
18,97,0.9262235100
18,98,0.9264711000
18,99,0.9267186900
18,100,0.9269662800
19,0,0.9272138700
19,1,0.9274614600
19,2,0.9277090500
19,3,0.9279566400
19,4,0.9282042300
19,5,0.9284518200
19,6,0.9286994100
19,7,0.9289470000
19,8,0.9291945900
19,9,0.9294421800
19,10,0.9296897700
19,11,0.9299373600
19,12,0.9301849500
19,13,0.9304325400
19,14,0.9306801300
19,15,0.9309277200
19,16,0.9311753100
19,17,0.9314229000
19,18,0.9316704900
19,19,0.9319180800
19,20,0.9321656700
19,21,0.9324132600
19,22,0.9326608500
19,23,0.9329084400
19,24,0.9331560300
19,25,0.9334036200
19,26,0.9336512100
19,27,0.9338988000
19,28,0.9341463900
19,29,0.9343939800
19,30,0.9346415700
19,31,0.9348891600
19,32,0.9351367500
19,33,0.9353843400
19,34,0.9356319300
19,35,0.9358795200
19,36,0.9361271100
19,37,0.9363747000
19,38,0.9366222900
19,39,0.9368698800
19,40,0.9371174700
19,41,0.9373650600
19,42,0.9376126500
19,43,0.9378602400
19,44,0.9381078300
19,45,0.9383554200
19,46,0.9386030100
19,47,0.9388506000
19,48,0.9390981900
19,49,0.9393457800
19,50,0.9395933700
19,51,0.9398409600
19,52,0.9400885500
19,53,0.9403361400
19,54,0.9405837300
19,55,0.9408313200
19,56,0.9410789100
19,57,0.9413265000
19,58,0.9415740900
19,59,0.9418216800
19,60,0.9420692700
19,61,0.9423168600
19,62,0.9425644500
19,63,0.9428120400
19,64,0.9430596300
19,65,0.9433072200
19,66,0.9435548100
19,67,0.9438024000
19,68,0.9440499900
19,69,0.9442975800
19,70,0.9445451700
19,71,0.9447927600
19,72,0.9450403500
19,73,0.9452879400
19,74,0.9455355300
19,75,0.9457831200
19,76,0.9460307100
19,77,0.9462783000
19,78,0.9465258900
19,79,0.9467734800
19,80,0.9470210700
19,81,0.5016066600
19,82,0.5018542500
19,83,0.5021018400
19,84,0.5023494300
19,85,0.5025970200
19,86,0.5028446100
19,87,0.5030922000
19,88,0.5033397900
19,89,0.5035873800
19,90,0.5038349700
19,91,0.9497445600
19,92,0.9499921500
19,93,0.9502397400
19,94,0.9504873300
19,95,0.9507349200
19,96,0.9509825100
19,97,0.9512301000
19,98,0.9514776900
19,99,0.9517252800
19,100,0.9519728700
20,0,0.9522204600
20,1,0.9524680500
20,2,0.9527156400
20,3,0.9529632300
20,4,0.9532108200
20,5,0.9534584100
20,6,0.9537060000
20,7,0.9539535900
20,8,0.9542011800
20,9,0.9544487700
20,10,0.9546963600
20,11,0.9549439500
20,12,0.9551915400
20,13,0.9554391300
20,14,0.9556867200
20,15,0.9559343100
20,16,0.9561819000
20,17,0.9564294900
20,18,0.9566770800
20,19,0.9569246700
20,20,0.9571722600
20,21,0.9574198500
20,22,0.9576674400
20,23,0.9579150300
20,24,0.9581626200
20,25,0.9584102100
20,26,0.9586578000
20,27,0.9589053900
20,28,0.9591529800
20,29,0.9594005700
20,30,0.9596481600
20,31,0.9598957500
20,32,0.9601433400
20,33,0.9603909300
20,34,0.9606385200
20,35,0.9608861100
20,36,0.9611337000
20,37,0.9613812900
20,38,0.9616288800
20,39,0.9618764700
20,40,0.9621240600
20,41,0.9623716500
20,42,0.9626192400
20,43,0.9628668300
20,44,0.9631144200
20,45,0.9633620100
20,46,0.9636096000
20,47,0.9638571900
20,48,0.9641047800
20,49,0.9643523700
20,50,0.9645999600
20,51,0.9648475500
20,52,0.9650951400
20,53,0.9653427300
20,54,0.9655903200
20,55,0.9658379100
20,56,0.9660855000
20,57,0.9663330900
20,58,0.9665806800
20,59,0.9668282700
20,60,0.9670758600
20,61,0.9673234500
20,62,0.9675710400
20,63,0.9678186300
20,64,0.9680662200
20,65,0.9683138100
20,66,0.9685614000
20,67,0.9688089900
20,68,0.9690565800
20,69,0.9693041700
20,70,0.9695517600
20,71,0.9697993500
20,72,0.9700469400
20,73,0.9702945300
20,74,0.9705421200
20,75,0.9707897100
20,76,0.9710373000
20,77,0.9712848900
20,78,0.9715324800
20,79,0.9717800700
20,80,0.5040825600
20,81,0.5043301500
20,82,0.5045777400
20,83,0.5048253300
20,84,0.5050729200
20,85,0.5053205100
20,86,0.5055681000
20,87,0.5058156900
20,88,0.5060632800
20,89,0.5063108700
20,90,0.9745035600
20,91,0.9747511500
20,92,0.9749987400
20,93,0.9752463300
20,94,0.9754939200
20,95,0.9757415100
20,96,0.9759891000
20,97,0.9762366900
20,98,0.9764842800
20,99,0.9767318700
20,100,0.9769794600
21,0,0.9772270500
21,1,0.9774746400
21,2,0.9777222300
21,3,0.9779698200
21,4,0.9782174100
21,5,0.9784650000
21,6,0.9787125900
21,7,0.9789601800
21,8,0.9792077700
21,9,0.9794553600
21,10,0.9797029500
21,11,0.9799505400
21,12,0.9801981300
21,13,0.9804457200
21,14,0.9806933100
21,15,0.9809409000
21,16,0.9811884900
21,17,0.9814360800
21,18,0.9816836700
21,19,0.9819312600
21,20,0.9821788500
21,21,0.9824264400
21,22,0.9826740300
21,23,0.9829216200
21,24,0.9831692100
21,25,0.9834168000
21,26,0.9836643900
21,27,0.9839119800
21,28,0.9841595700
21,29,0.9844071600
21,30,0.9846547500
21,31,0.9849023400
21,32,0.9851499300
21,33,0.9853975200
21,34,0.9856451100
21,35,0.9858927000
21,36,0.9861402900
21,37,0.9863878800
21,38,0.9866354700
21,39,0.9868830600
21,40,0.9871306500
21,41,0.9873782400
21,42,0.9876258300
21,43,0.9878734200
21,44,0.9881210100
21,45,0.9883686000
21,46,0.9886161900
21,47,0.9888637800
21,48,0.9891113700
21,49,0.9893589600
21,50,0.9896065500
21,51,0.9898541400
21,52,0.9901017300
21,53,0.9903493200
21,54,0.9905969100
21,55,0.9908445000
21,56,0.9910920900
21,57,0.9913396800
21,58,0.9915872700
21,59,0.9918348600
21,60,0.9920824500
21,61,0.9923300400
21,62,0.9925776300
21,63,0.9928252200
21,64,0.9930728100
21,65,0.9933204000
21,66,0.9935679900
21,67,0.9938155800
21,68,0.9940631700
21,69,0.9943107600
21,70,0.9945583500
21,71,0.9948059400
21,72,0.9950535300
21,73,0.9953011200
21,74,0.9955487100
21,75,0.9957963000
21,76,0.9960438900
21,77,0.9962914800
21,78,0.9965390700
21,79,0.5065584600
21,80,0.5068060500
21,81,0.5070536400
21,82,0.5073012300
21,83,0.5075488200
21,84,0.5077964100
21,85,0.5080440000
21,86,0.5082915900
21,87,0.5085391800
21,88,0.5087867700
21,89,0.9992625600
21,90,0.9995101500
21,91,0.9997577400
21,92,1.0000053300
21,93,1.0002529200
21,94,1.0005005100
21,95,1.0007481000
21,96,1.0009956900
21,97,1.0012432800
21,98,1.0014908700
21,99,1.0017384600
21,100,1.0019860500
22,0,1.0022336400
22,1,1.0024812300
22,2,1.0027288200
22,3,1.0029764100
22,4,1.0032240000
22,5,1.0034715900
22,6,1.0037191800
22,7,1.0039667700
22,8,1.0042143600
22,9,1.0044619500
22,10,1.0047095400
22,11,1.0049571300
22,12,1.0052047200
22,13,1.0054523100
22,14,1.0056999000
22,15,1.0059474900
22,16,1.0061950800
22,17,1.0064426700
22,18,1.0066902600
22,19,1.0069378500
22,20,1.0071854400
22,21,1.0074330300
22,22,1.0076806200
22,23,1.0079282100
22,24,1.0081758000
22,25,1.0084233900
22,26,1.0086709800
22,27,1.0089185700
22,28,1.0091661600
22,29,1.0094137500
22,30,1.0096613400
22,31,1.0099089300
22,32,1.0101565200
22,33,1.0104041100
22,34,1.0106517000
22,35,1.0108992900
22,36,1.0111468800
22,37,1.0113944700
22,38,1.0116420600
22,39,1.0118896500
22,40,1.0121372400
22,41,1.0123848300
22,42,1.0126324200
22,43,1.0128800100
22,44,1.0131276000
22,45,1.0133751900
22,46,1.0136227800
22,47,1.0138703700
22,48,1.0141179600
22,49,1.0143655500
22,50,1.0146131400
22,51,1.0148607300
22,52,1.0151083200
22,53,1.0153559100
22,54,1.0156035000
22,55,1.0158510900
22,56,1.0160986800
22,57,1.0163462700
22,58,1.0165938600
22,59,1.0168414500
22,60,1.0170890400
22,61,1.0173366300
22,62,1.0175842200
22,63,1.0178318100
22,64,1.0180794000
22,65,1.0183269900
22,66,1.0185745800
22,67,1.0188221700
22,68,1.0190697600
22,69,1.0193173500
22,70,1.0195649400
22,71,1.0198125300
22,72,1.0200601200
22,73,1.0203077100
22,74,1.0205553000
22,75,1.0208028900
22,76,1.0210504800
22,77,1.0212980700
22,78,0.5090343600
22,79,0.5092819500
22,80,0.5095295400
22,81,0.5097771300
22,82,0.5100247200
22,83,0.5102723100
22,84,0.5105199000
22,85,0.5107674900
22,86,0.5110150800
22,87,0.5112626700
22,88,1.0240215600
22,89,1.0242691500
22,90,1.0245167400
22,91,1.0247643300
22,92,1.0250119200
22,93,1.0252595100
22,94,1.0255071000
22,95,1.0257546900
22,96,1.0260022800
22,97,1.0262498700
22,98,1.0264974600
22,99,1.0267450500
22,100,1.0269926400
23,0,1.0272402300
23,1,1.0274878200
23,2,1.0277354100
23,3,1.0279830000
23,4,1.0282305900
23,5,1.0284781800
23,6,1.0287257700
23,7,1.0289733600
23,8,1.0292209500
23,9,1.0294685400
23,10,1.0297161300
23,11,1.0299637200
23,12,1.0302113100
23,13,1.0304589000
23,14,1.0307064900
23,15,1.0309540800
23,16,1.0312016700
23,17,1.0314492600
23,18,1.0316968500
23,19,1.0319444400
23,20,1.0321920300
23,21,1.0324396200
23,22,1.0326872100
23,23,1.0329348000
23,24,1.0331823900
23,25,1.0334299800
23,26,1.0336775700
23,27,1.0339251600
23,28,1.0341727500
23,29,1.0344203400
23,30,1.0346679300
23,31,1.0349155200
23,32,1.0351631100
23,33,1.0354107000
23,34,1.0356582900
23,35,1.0359058800
23,36,1.0361534700
23,37,1.0364010600
23,38,1.0366486500
23,39,1.0368962400
23,40,1.0371438300
23,41,1.0373914200
23,42,1.0376390100
23,43,1.0378866000
23,44,1.0381341900
23,45,1.0383817800
23,46,1.0386293700
23,47,1.0388769600
23,48,1.0391245500
23,49,1.0393721400
23,50,1.0396197300
23,51,1.0398673200
23,52,1.0401149100
23,53,1.0403625000
23,54,1.0406100900
23,55,1.0408576800
23,56,1.0411052700
23,57,1.0413528600
23,58,1.0416004500
23,59,1.0418480400
23,60,1.0420956300
23,61,1.0423432200
23,62,1.0425908100
23,63,1.0428384000
23,64,1.0430859900
23,65,1.0433335800
23,66,1.0435811700
23,67,1.0438287600
23,68,1.0440763500
23,69,1.0443239400
23,70,1.0445715300
23,71,1.0448191200
23,72,1.0450667100
23,73,1.0453143000
23,74,1.0455618900
23,75,1.0458094800
23,76,1.0460570700
23,77,0.5115102600
23,78,0.5117578500
23,79,0.5120054400
23,80,0.5122530300
23,81,0.5125006200
23,82,0.5127482100
23,83,0.5129958000
23,84,0.5132433900
23,85,0.5134909800
23,86,0.5137385700
23,87,1.0487805600
23,88,1.0490281500
23,89,1.0492757400
23,90,1.0495233300
23,91,1.0497709200
23,92,1.0500185100
23,93,1.0502661000
23,94,1.0505136900
23,95,1.0507612800
23,96,1.0510088700
23,97,1.0512564600
23,98,1.0515040500
23,99,1.0517516400
23,100,1.0519992300
24,0,1.0522468200
24,1,1.0524944100
24,2,1.0527420000
24,3,1.0529895900
24,4,1.0532371800
24,5,1.0534847700
24,6,1.0537323600
24,7,1.0539799500
24,8,1.0542275400
24,9,1.0544751300
24,10,1.0547227200
24,11,1.0549703100
24,12,1.0552179000
24,13,1.0554654900
24,14,1.0557130800
24,15,1.0559606700
24,16,1.0562082600
24,17,1.0564558500
24,18,1.0567034400
24,19,1.0569510300
24,20,1.0571986200
24,21,1.0574462100
24,22,1.0576938000
24,23,1.0579413900
24,24,1.0581889800
24,25,1.0584365700
24,26,1.0586841600
24,27,1.0589317500
24,28,1.0591793400
24,29,1.0594269300
24,30,1.0596745200
24,31,1.0599221100
24,32,1.0601697000
24,33,1.0604172900
24,34,1.0606648800
24,35,1.0609124700
24,36,1.0611600600
24,37,1.0614076500
24,38,1.0616552400
24,39,1.0619028300
24,40,1.0621504200
24,41,1.0623980100
24,42,1.0626456000
24,43,1.0628931900
24,44,1.0631407800
24,45,1.0633883700
24,46,1.0636359600
24,47,1.0638835500
24,48,1.0641311400
24,49,1.0643787300
24,50,1.0646263200
24,51,1.0648739100
24,52,1.0651215000
24,53,1.0653690900
24,54,1.0656166800
24,55,1.0658642700
24,56,1.0661118600
24,57,1.0663594500
24,58,1.0666070400
24,59,1.0668546300
24,60,1.0671022200
24,61,1.0673498100
24,62,1.0675974000
24,63,1.0678449900
24,64,1.0680925800
24,65,1.0683401700
24,66,1.0685877600
24,67,1.0688353500
24,68,1.0690829400
24,69,1.0693305300
24,70,1.0695781200
24,71,1.0698257100
24,72,1.0700733000
24,73,1.0703208900
24,74,1.0705684800
24,75,1.0708160700
24,76,0.5139861600
24,77,0.5142337500
24,78,0.5144813400
24,79,0.5147289300
24,80,0.5149765200
24,81,0.5152241100
24,82,0.5154717000
24,83,0.5157192900
24,84,0.5159668800
24,85,0.5162144700
24,86,1.0735395600
24,87,1.0737871500
24,88,1.0740347400
24,89,1.0742823300
24,90,1.0745299200
24,91,1.0747775100
24,92,1.0750251000
24,93,1.0752726900
24,94,1.0755202800
24,95,1.0757678700
24,96,1.0760154600
24,97,1.0762630500
24,98,1.0765106400
24,99,1.0767582300
24,100,1.0770058200
25,0,1.0772534100
25,1,1.0775010000
25,2,1.0777485900
25,3,1.0779961800
25,4,1.0782437700
25,5,1.0784913600
25,6,1.0787389500
25,7,1.0789865400
25,8,1.0792341300
25,9,1.0794817200
25,10,1.0797293100
25,11,1.0799769000
25,12,1.0802244900
25,13,1.0804720800
25,14,1.0807196700
25,15,1.0809672600
25,16,1.0812148500
25,17,1.0814624400
25,18,1.0817100300
25,19,1.0819576200
25,20,1.0822052100
25,21,1.0824528000
25,22,1.0827003900
25,23,1.0829479800
25,24,1.0831955700
25,25,1.0834431600
25,26,1.0836907500
25,27,1.0839383400
25,28,1.0841859300
25,29,1.0844335200
25,30,1.0846811100
25,31,1.0849287000
25,32,1.0851762900
25,33,1.0854238800
25,34,1.0856714700
25,35,1.0859190600
25,36,1.0861666500
25,37,1.0864142400
25,38,1.0866618300
25,39,1.0869094200
25,40,1.0871570100
25,41,1.0874046000
25,42,1.0876521900
25,43,1.0878997800
25,44,1.0881473700
25,45,1.0883949600
25,46,1.0886425500
25,47,1.0888901400
25,48,1.0891377300
25,49,1.0893853200
25,50,1.0896329100
25,51,1.0898805000
25,52,1.0901280900
25,53,1.0903756800
25,54,1.0906232700
25,55,1.0908708600
25,56,1.0911184500
25,57,1.0913660400
25,58,1.0916136300
25,59,1.0918612200
25,60,1.0921088100
25,61,1.0923564000
25,62,1.0926039900
25,63,1.0928515800
25,64,1.0930991700
25,65,1.0933467600
25,66,1.0935943500
25,67,1.0938419400
25,68,1.0940895300
25,69,1.0943371200
25,70,1.0945847100
25,71,1.0948323000
25,72,1.0950798900
25,73,1.0953274800
25,74,1.0955750700
25,75,0.5164620600
25,76,0.5167096500
25,77,0.5169572400
25,78,0.5172048300
25,79,0.5174524200
25,80,0.5177000100
25,81,0.5179476000
25,82,0.5181951900
25,83,0.5184427800
25,84,0.5186903700
25,85,1.0982985600
25,86,1.0985461500
25,87,1.0987937400
25,88,1.0990413300
25,89,1.0992889200
25,90,1.0995365100
25,91,1.0997841000
25,92,1.1000316900
25,93,1.1002792800
25,94,1.1005268700
25,95,1.1007744600
25,96,1.1010220500
25,97,1.1012696400
25,98,1.1015172300
25,99,1.1017648200
25,100,1.1020124100
26,0,1.1022600000
26,1,1.1025075900
26,2,1.1027551800
26,3,1.1030027700
26,4,1.1032503600
26,5,1.1034979500
26,6,1.1037455400
26,7,1.1039931300
26,8,1.1042407200
26,9,1.1044883100
26,10,1.1047359000
26,11,1.1049834900
26,12,1.1052310800
26,13,1.1054786700
26,14,1.1057262600
26,15,1.1059738500
26,16,1.1062214400
26,17,1.1064690300
26,18,1.1067166200
26,19,1.1069642100
26,20,1.1072118000
26,21,1.1074593900
26,22,1.1077069800
26,23,1.1079545700
26,24,1.1082021600
26,25,1.1084497500
26,26,1.1086973400
26,27,1.1089449300
26,28,1.1091925200
26,29,1.1094401100
26,30,1.1096877000
26,31,1.1099352900
26,32,1.1101828800
26,33,1.1104304700
26,34,1.1106780600
26,35,1.1109256500
26,36,1.1111732400
26,37,1.1114208300
26,38,1.1116684200
26,39,1.1119160100
26,40,1.1121636000
26,41,1.1124111900
26,42,1.1126587800
26,43,1.1129063700
26,44,1.1131539600
26,45,1.1134015500
26,46,1.1136491400
26,47,1.1138967300
26,48,1.1141443200
26,49,1.1143919100
26,50,1.1146395000
26,51,1.1148870900
26,52,1.1151346800
26,53,1.1153822700
26,54,1.1156298600
26,55,1.1158774500
26,56,1.1161250400
26,57,1.1163726300
26,58,1.1166202200
26,59,1.1168678100
26,60,1.1171154000
26,61,1.1173629900
26,62,1.1176105800
26,63,1.1178581700
26,64,1.1181057600
26,65,1.1183533500
26,66,1.1186009400
26,67,1.1188485300
26,68,1.1190961200
26,69,1.1193437100
26,70,1.1195913000
26,71,1.1198388900
26,72,1.1200864800
26,73,1.1203340700
26,74,0.5189379600
26,75,0.5191855500
26,76,0.5194331400
26,77,0.5196807300
26,78,0.5199283200
26,79,0.5201759100
26,80,0.5204235000
26,81,0.5206710900
26,82,0.5209186800
26,83,0.5211662700
26,84,1.1230575600
26,85,1.1233051500
26,86,1.1235527400
26,87,1.1238003300
26,88,1.1240479200
26,89,1.1242955100
26,90,1.1245431000
26,91,1.1247906900
26,92,1.1250382800
26,93,1.1252858700
26,94,1.1255334600
26,95,1.1257810500
26,96,1.1260286400
26,97,1.1262762300
26,98,1.1265238200
26,99,1.1267714100
26,100,1.1270190000
27,0,1.1272665900
27,1,1.1275141800
27,2,1.1277617700
27,3,1.1280093600
27,4,1.1282569500
27,5,1.1285045400
27,6,1.1287521300
27,7,1.1289997200
27,8,1.1292473100
27,9,1.1294949000
27,10,1.1297424900
27,11,1.1299900800
27,12,1.1302376700
27,13,1.1304852600
27,14,1.1307328500
27,15,1.1309804400
27,16,1.1312280300
27,17,1.1314756200
27,18,1.1317232100
27,19,1.1319708000
27,20,1.1322183900
27,21,1.1324659800
27,22,1.1327135700
27,23,1.1329611600
27,24,1.1332087500
27,25,1.1334563400
27,26,1.1337039300
27,27,1.1339515200
27,28,1.1341991100
27,29,1.1344467000
27,30,1.1346942900
27,31,1.1349418800
27,32,1.1351894700
27,33,1.1354370600
27,34,1.1356846500
27,35,1.1359322400
27,36,1.1361798300
27,37,1.1364274200
27,38,1.1366750100
27,39,1.1369226000
27,40,1.1371701900
27,41,1.1374177800
27,42,1.1376653700
27,43,1.1379129600
27,44,1.1381605500
27,45,1.1384081400
27,46,1.1386557300
27,47,1.1389033200
27,48,1.1391509100
27,49,1.1393985000
27,50,1.1396460900
27,51,1.1398936800
27,52,1.1401412700
27,53,1.1403888600
27,54,1.1406364500
27,55,1.1408840400
27,56,1.1411316300
27,57,1.1413792200
27,58,1.1416268100
27,59,1.1418744000
27,60,1.1421219900
27,61,1.1423695800
27,62,1.1426171700
27,63,1.1428647600
27,64,1.1431123500
27,65,1.1433599400
27,66,1.1436075300
27,67,1.1438551200
27,68,1.1441027100
27,69,1.1443503000
27,70,1.1445978900
27,71,1.1448454800
27,72,1.1450930700
27,73,0.5214138600
27,74,0.5216614500
27,75,0.5219090400
27,76,0.5221566300
27,77,0.5224042200
27,78,0.5226518100
27,79,0.5228994000
27,80,0.5231469900
27,81,0.5233945800
27,82,0.5236421700
27,83,1.1478165600
27,84,1.1480641500
27,85,1.1483117400
27,86,1.1485593300
27,87,1.1488069200
27,88,1.1490545100
27,89,1.1493021000
27,90,1.1495496900
27,91,1.1497972800
27,92,1.1500448700
27,93,1.1502924600
27,94,1.1505400500
27,95,1.1507876400
27,96,1.1510352300
27,97,1.1512828200
27,98,1.1515304100
27,99,1.1517780000
27,100,1.1520255900
28,0,1.1522731800
28,1,1.1525207700
28,2,1.1527683600
28,3,1.1530159500
28,4,1.1532635400
28,5,1.1535111300
28,6,1.1537587200
28,7,1.1540063100
28,8,1.1542539000
28,9,1.1545014900
28,10,1.1547490800
28,11,1.1549966700
28,12,1.1552442600
28,13,1.1554918500
28,14,1.1557394400
28,15,1.1559870300
28,16,1.1562346200
28,17,1.1564822100
28,18,1.1567298000
28,19,1.1569773900
28,20,1.1572249800
28,21,1.1574725700
28,22,1.1577201600
28,23,1.1579677500
28,24,1.1582153400
28,25,1.1584629300
28,26,1.1587105200
28,27,1.1589581100
28,28,1.1592057000
28,29,1.1594532900
28,30,1.1597008800
28,31,1.1599484700
28,32,1.1601960600
28,33,1.1604436500
28,34,1.1606912400
28,35,1.1609388300
28,36,1.1611864200
28,37,1.1614340100
28,38,1.1616816000
28,39,1.1619291900
28,40,1.1621767800
28,41,1.1624243700
28,42,1.1626719600
28,43,1.1629195500
28,44,1.1631671400
28,45,1.1634147300
28,46,1.1636623200
28,47,1.1639099100
28,48,1.1641575000
28,49,1.1644050900
28,50,1.1646526800
28,51,1.1649002700
28,52,1.1651478600
28,53,1.1653954500
28,54,1.1656430400
28,55,1.1658906300
28,56,1.1661382200
28,57,1.1663858100
28,58,1.1666334000
28,59,1.1668809900
28,60,1.1671285800
28,61,1.1673761700
28,62,1.1676237600
28,63,1.1678713500
28,64,1.1681189400
28,65,1.1683665300
28,66,1.1686141200
28,67,1.1688617100
28,68,1.1691093000
28,69,1.1693568900
28,70,1.1696044800
28,71,1.1698520700
28,72,0.5238897600
28,73,0.5241373500
28,74,0.5243849400
28,75,0.5246325300
28,76,0.5248801200
28,77,0.5251277100
28,78,0.5253753000
28,79,0.5256228900
28,80,0.5258704800
28,81,0.5261180700
28,82,1.1725755600
28,83,1.1728231500
28,84,1.1730707400
28,85,1.1733183300
28,86,1.1735659200
28,87,1.1738135100
28,88,1.1740611000
28,89,1.1743086900
28,90,1.1745562800
28,91,1.1748038700
28,92,1.1750514600
28,93,1.1752990500
28,94,1.1755466400
28,95,1.1757942300
28,96,1.1760418200
28,97,1.1762894100
28,98,1.1765370000
28,99,1.1767845900
28,100,1.1770321800
29,0,1.1772797700
29,1,1.1775273600
29,2,1.1777749500
29,3,1.1780225400
29,4,1.1782701300
29,5,1.1785177200
29,6,1.1787653100
29,7,1.1790129000
29,8,1.1792604900
29,9,1.1795080800
29,10,1.1797556700
29,11,1.1800032600
29,12,1.1802508500
29,13,1.1804984400
29,14,1.1807460300
29,15,1.1809936200
29,16,1.1812412100
29,17,1.1814888000
29,18,1.1817363900
29,19,1.1819839800
29,20,1.1822315700
29,21,1.1824791600
29,22,1.1827267500
29,23,1.1829743400
29,24,1.1832219300
29,25,1.1834695200
29,26,1.1837171100
29,27,1.1839647000
29,28,1.1842122900
29,29,1.1844598800
29,30,1.1847074700
29,31,1.1849550600
29,32,1.1852026500
29,33,1.1854502400
29,34,1.1856978300
29,35,1.1859454200
29,36,1.1861930100
29,37,1.1864406000
29,38,1.1866881900
29,39,1.1869357800
29,40,1.1871833700
29,41,1.1874309600
29,42,1.1876785500
29,43,1.1879261400
29,44,1.1881737300
29,45,1.1884213200
29,46,1.1886689100
29,47,1.1889165000
29,48,1.1891640900
29,49,1.1894116800
29,50,1.1896592700
29,51,1.1899068600
29,52,1.1901544500
29,53,1.1904020400
29,54,1.1906496300
29,55,1.1908972200
29,56,1.1911448100
29,57,1.1913924000
29,58,1.1916399900
29,59,1.1918875800
29,60,1.1921351700
29,61,1.1923827600
29,62,1.1926303500
29,63,1.1928779400
29,64,1.1931255300
29,65,1.1933731200
29,66,1.1936207100
29,67,1.1938683000
29,68,1.1941158900
29,69,1.1943634800
29,70,1.1946110700
29,71,0.5263656600
29,72,0.5266132500
29,73,0.5268608400
29,74,0.5271084300
29,75,0.5273560200
29,76,0.5276036100
29,77,0.5278512000
29,78,0.5280987900
29,79,0.5283463800
29,80,0.5285939700
29,81,1.1973345600
29,82,1.1975821500
29,83,1.1978297400
29,84,1.1980773300
29,85,1.1983249200
29,86,1.1985725100
29,87,1.1988201000
29,88,1.1990676900
29,89,1.1993152800
29,90,1.1995628700
29,91,1.1998104600
29,92,1.2000580500
29,93,1.2003056400
29,94,1.2005532300
29,95,1.2008008200
29,96,1.2010484100
29,97,1.2012960000
29,98,1.2015435900
29,99,1.2017911800
29,100,1.2020387700
30,0,1.2022863600
30,1,1.2025339500
30,2,1.2027815400
30,3,1.2030291300
30,4,1.2032767200
30,5,1.2035243100
30,6,1.2037719000
30,7,1.2040194900
30,8,1.2042670800
30,9,1.2045146700
30,10,1.2047622600
30,11,1.2050098500
30,12,1.2052574400
30,13,1.2055050300
30,14,1.2057526200
30,15,1.2060002100
30,16,1.2062478000
30,17,1.2064953900
30,18,1.2067429800
30,19,1.2069905700
30,20,1.2072381600
30,21,1.2074857500
30,22,1.2077333400
30,23,1.2079809300
30,24,1.2082285200
30,25,1.2084761100
30,26,1.2087237000
30,27,1.2089712900
30,28,1.2092188800
30,29,1.2094664700
30,30,1.2097140600
30,31,1.2099616500
30,32,1.2102092400
30,33,1.2104568300
30,34,1.2107044200
30,35,1.2109520100
30,36,1.2111996000
30,37,1.2114471900
30,38,1.2116947800
30,39,1.2119423700
30,40,1.2121899600
30,41,1.2124375500
30,42,1.2126851400
30,43,1.2129327300
30,44,1.2131803200
30,45,1.2134279100
30,46,1.2136755000
30,47,1.2139230900
30,48,1.2141706800
30,49,1.2144182700
30,50,1.2146658600
30,51,1.2149134500
30,52,1.2151610400
30,53,1.2154086300
30,54,1.2156562200
30,55,1.2159038100
30,56,1.2161514000
30,57,1.2163989900
30,58,1.2166465800
30,59,1.2168941700
30,60,1.2171417600
30,61,1.2173893500
30,62,1.2176369400
30,63,1.2178845300
30,64,1.2181321200
30,65,1.2183797100
30,66,1.2186273000
30,67,1.2188748900
30,68,1.2191224800
30,69,1.2193700700
30,70,0.5288415600
30,71,0.5290891500
30,72,0.5293367400
30,73,0.5295843300
30,74,0.5298319200
30,75,0.5300795100
30,76,0.5303271000
30,77,0.5305746900
30,78,0.5308222800
30,79,0.5310698700
30,80,1.2220935600
30,81,1.2223411500
30,82,1.2225887400
30,83,1.2228363300
30,84,1.2230839200
30,85,1.2233315100
30,86,1.2235791000
30,87,1.2238266900
30,88,1.2240742800
30,89,1.2243218700
30,90,1.2245694600
30,91,1.2248170500
30,92,1.2250646400
30,93,1.2253122300
30,94,1.2255598200
30,95,1.2258074100
30,96,1.2260550000
30,97,1.2263025900
30,98,1.2265501800
30,99,1.2267977700
30,100,1.2270453600
31,0,1.2272929500
31,1,1.2275405400
31,2,1.2277881300
31,3,1.2280357200
31,4,1.2282833100
31,5,1.2285309000
31,6,1.2287784900
31,7,1.2290260800
31,8,1.2292736700
31,9,1.2295212600
31,10,1.2297688500
31,11,1.2300164400
31,12,1.2302640300
31,13,1.2305116200
31,14,1.2307592100
31,15,1.2310068000
31,16,1.2312543900
31,17,1.2315019800
31,18,1.2317495700
31,19,1.2319971600
31,20,1.2322447500
31,21,1.2324923400
31,22,1.2327399300
31,23,1.2329875200
31,24,1.2332351100
31,25,1.2334827000
31,26,1.2337302900
31,27,1.2339778800
31,28,1.2342254700
31,29,1.2344730600
31,30,1.2347206500
31,31,1.2349682400
31,32,1.2352158300
31,33,1.2354634200
31,34,1.2357110100
31,35,1.2359586000
31,36,1.2362061900
31,37,1.2364537800
31,38,1.2367013700
31,39,1.2369489600
31,40,1.2371965500
31,41,1.2374441400
31,42,1.2376917300
31,43,1.2379393200
31,44,1.2381869100
31,45,1.2384345000
31,46,1.2386820900
31,47,1.2389296800
31,48,1.2391772700
31,49,1.2394248600
31,50,1.2396724500
31,51,1.2399200400
31,52,1.2401676300
31,53,1.2404152200
31,54,1.2406628100
31,55,1.2409104000
31,56,1.2411579900
31,57,1.2414055800
31,58,1.2416531700
31,59,1.2419007600
31,60,1.2421483500
31,61,1.2423959400
31,62,1.2426435300
31,63,1.2428911200
31,64,1.2431387100
31,65,1.2433863000
31,66,1.2436338900
31,67,1.2438814800
31,68,1.2441290700
31,69,0.5313174600
31,70,0.5315650500
31,71,0.5318126400
31,72,0.5320602300
31,73,0.5323078200
31,74,0.5325554100
31,75,0.5328030000
31,76,0.5330505900
31,77,0.5332981800
31,78,0.5335457700
31,79,1.2468525600
31,80,1.2471001500
31,81,1.2473477400
31,82,1.2475953300
31,83,1.2478429200
31,84,1.2480905100
31,85,1.2483381000
31,86,1.2485856900
31,87,1.2488332800
31,88,1.2490808700
31,89,1.2493284600
31,90,1.2495760500
31,91,1.2498236400
31,92,1.2500712300
31,93,1.2503188200
31,94,1.2505664100
31,95,1.2508140000
31,96,1.2510615900
31,97,1.2513091800
31,98,1.2515567700
31,99,1.2518043600
31,100,1.2520519500
32,0,1.2522995400
32,1,1.2525471300
32,2,1.2527947200
32,3,1.2530423100
32,4,1.2532899000
32,5,1.2535374900
32,6,1.2537850800
32,7,1.2540326700
32,8,1.2542802600
32,9,1.2545278500
32,10,1.2547754400
32,11,1.2550230300
32,12,1.2552706200
32,13,1.2555182100
32,14,1.2557658000
32,15,1.2560133900
32,16,1.2562609800
32,17,1.2565085700
32,18,1.2567561600
32,19,1.2570037500
32,20,1.2572513400
32,21,1.2574989300
32,22,1.2577465200
32,23,1.2579941100
32,24,1.2582417000
32,25,1.2584892900
32,26,1.2587368800
32,27,1.2589844700
32,28,1.2592320600
32,29,1.2594796500
32,30,1.2597272400
32,31,1.2599748300
32,32,1.2602224200
32,33,1.2604700100
32,34,1.2607176000
32,35,1.2609651900
32,36,1.2612127800
32,37,1.2614603700
32,38,1.2617079600
32,39,1.2619555500
32,40,1.2622031400
32,41,1.2624507300
32,42,1.2626983200
32,43,1.2629459100
32,44,1.2631935000
32,45,1.2634410900
32,46,1.2636886800
32,47,1.2639362700
32,48,1.2641838600
32,49,1.2644314500
32,50,1.2646790400
32,51,1.2649266300
32,52,1.2651742200
32,53,1.2654218100
32,54,1.2656694000
32,55,1.2659169900
32,56,1.2661645800
32,57,1.2664121700
32,58,1.2666597600
32,59,1.2669073500
32,60,1.2671549400
32,61,1.2674025300
32,62,1.2676501200
32,63,1.2678977100
32,64,1.2681453000
32,65,1.2683928900
32,66,1.2686404800
32,67,1.2688880700
32,68,0.5337933600
32,69,0.5340409500
32,70,0.5342885400
32,71,0.5345361300
32,72,0.5347837200
32,73,0.5350313100
32,74,0.5352789000
32,75,0.5355264900
32,76,0.5357740800
32,77,0.5360216700
32,78,1.2716115600
32,79,1.2718591500
32,80,1.2721067400
32,81,1.2723543300
32,82,1.2726019200
32,83,1.2728495100
32,84,1.2730971000
32,85,1.2733446900
32,86,1.2735922800
32,87,1.2738398700
32,88,1.2740874600
32,89,1.2743350500
32,90,1.2745826400
32,91,1.2748302300
32,92,1.2750778200
32,93,1.2753254100
32,94,1.2755730000
32,95,1.2758205900
32,96,1.2760681800
32,97,1.2763157700
32,98,1.2765633600
32,99,1.2768109500
32,100,1.2770585400
33,0,1.2773061300
33,1,1.2775537200
33,2,1.2778013100
33,3,1.2780489000
33,4,1.2782964900
33,5,1.2785440800
33,6,1.2787916700
33,7,1.2790392600
33,8,1.2792868500
33,9,1.2795344400
33,10,1.2797820300
33,11,1.2800296200
33,12,1.2802772100
33,13,1.2805248000
33,14,1.2807723900
33,15,1.2810199800
33,16,1.2812675700
33,17,1.2815151600
33,18,1.2817627500
33,19,1.2820103400
33,20,1.2822579300
33,21,1.2825055200
33,22,1.2827531100
33,23,1.2830007000
33,24,1.2832482900
33,25,1.2834958800
33,26,1.2837434700
33,27,1.2839910600
33,28,1.2842386500
33,29,1.2844862400
33,30,1.2847338300
33,31,1.2849814200
33,32,1.2852290100
33,33,1.2854766000
33,34,1.2857241900
33,35,1.2859717800
33,36,1.2862193700
33,37,1.2864669600
33,38,1.2867145500
33,39,1.2869621400
33,40,1.2872097300
33,41,1.2874573200
33,42,1.2877049100
33,43,1.2879525000
33,44,1.2882000900
33,45,1.2884476800
33,46,1.2886952700
33,47,1.2889428600
33,48,1.2891904500
33,49,1.2894380400
33,50,1.2896856300
33,51,1.2899332200
33,52,1.2901808100
33,53,1.2904284000
33,54,1.2906759900
33,55,1.2909235800
33,56,1.2911711700
33,57,1.2914187600
33,58,1.2916663500
33,59,1.2919139400
33,60,1.2921615300
33,61,1.2924091200
33,62,1.2926567100
33,63,1.2929043000
33,64,1.2931518900
33,65,1.2933994800
33,66,1.2936470700
33,67,0.5362692600
33,68,0.5365168500
33,69,0.5367644400
33,70,0.5370120300
33,71,0.5372596200
33,72,0.5375072100
33,73,0.5377548000
33,74,0.5380023900
33,75,0.5382499800
33,76,0.5384975700
33,77,1.2963705600
33,78,1.2966181500
33,79,1.2968657400
33,80,1.2971133300
33,81,1.2973609200
33,82,1.2976085100
33,83,1.2978561000
33,84,1.2981036900
33,85,1.2983512800
33,86,1.2985988700
33,87,1.2988464600
33,88,1.2990940500
33,89,1.2993416400
33,90,1.2995892300
33,91,1.2998368200
33,92,1.3000844100
33,93,1.3003320000
33,94,1.3005795900
33,95,1.3008271800
33,96,1.3010747700
33,97,1.3013223600
33,98,1.3015699500
33,99,1.3018175400
33,100,1.3020651300
34,0,1.3023127200
34,1,1.3025603100
34,2,1.3028079000
34,3,1.3030554900
34,4,1.3033030800
34,5,1.3035506700
34,6,1.3037982600
34,7,1.3040458500
34,8,1.3042934400
34,9,1.3045410300
34,10,1.3047886200
34,11,1.3050362100
34,12,1.3052838000
34,13,1.3055313900
34,14,1.3057789800
34,15,1.3060265700
34,16,1.3062741600
34,17,1.3065217500
34,18,1.3067693400
34,19,1.3070169300
34,20,1.3072645200
34,21,1.3075121100
34,22,1.3077597000
34,23,1.3080072900
34,24,1.3082548800
34,25,1.3085024700
34,26,1.3087500600
34,27,1.3089976500
34,28,1.3092452400
34,29,1.3094928300
34,30,1.3097404200
34,31,1.3099880100
34,32,1.3102356000
34,33,1.3104831900
34,34,1.3107307800
34,35,1.3109783700
34,36,1.3112259600
34,37,1.3114735500
34,38,1.3117211400
34,39,1.3119687300
34,40,1.3122163200
34,41,1.3124639100
34,42,1.3127115000
34,43,1.3129590900
34,44,1.3132066800
34,45,1.3134542700
34,46,1.3137018600
34,47,1.3139494500
34,48,1.3141970400
34,49,1.3144446300
34,50,1.3146922200
34,51,1.3149398100
34,52,1.3151874000
34,53,1.3154349900
34,54,1.3156825800
34,55,1.3159301700
34,56,1.3161777600
34,57,1.3164253500
34,58,1.3166729400
34,59,1.3169205300
34,60,1.3171681200
34,61,1.3174157100
34,62,1.3176633000
34,63,1.3179108900
34,64,1.3181584800
34,65,1.3184060700
34,66,0.5387451600
34,67,0.5389927500
34,68,0.5392403400
34,69,0.5394879300
34,70,0.5397355200
34,71,0.5399831100
34,72,0.5402307000
34,73,0.5404782900
34,74,0.5407258800
34,75,0.5409734700
34,76,1.3211295600
34,77,1.3213771500
34,78,1.3216247400
34,79,1.3218723300
34,80,1.3221199200
34,81,1.3223675100
34,82,1.3226151000
34,83,1.3228626900
34,84,1.3231102800
34,85,1.3233578700
34,86,1.3236054600
34,87,1.3238530500
34,88,1.3241006400
34,89,1.3243482300
34,90,1.3245958200
34,91,1.3248434100
34,92,1.3250910000
34,93,1.3253385900
34,94,1.3255861800
34,95,1.3258337700
34,96,1.3260813600
34,97,1.3263289500
34,98,1.3265765400
34,99,1.3268241300
34,100,1.3270717200
35,0,1.3273193100
35,1,1.3275669000
35,2,1.3278144900
35,3,1.3280620800
35,4,1.3283096700
35,5,1.3285572600
35,6,1.3288048500
35,7,1.3290524400
35,8,1.3293000300
35,9,1.3295476200
35,10,1.3297952100
35,11,1.3300428000
35,12,1.3302903900
35,13,1.3305379800
35,14,1.3307855700
35,15,1.3310331600
35,16,1.3312807500
35,17,1.3315283400
35,18,1.3317759300
35,19,1.3320235200
35,20,1.3322711100
35,21,1.3325187000
35,22,1.3327662900
35,23,1.3330138800
35,24,1.3332614700
35,25,1.3335090600
35,26,1.3337566500
35,27,1.3340042400
35,28,1.3342518300
35,29,1.3344994200
35,30,1.3347470100
35,31,1.3349946000
35,32,1.3352421900
35,33,1.3354897800
35,34,1.3357373700
35,35,1.3359849600
35,36,1.3362325500
35,37,1.3364801400
35,38,1.3367277300
35,39,1.3369753200
35,40,1.3372229100
35,41,1.3374705000
35,42,1.3377180900
35,43,1.3379656800
35,44,1.3382132700
35,45,1.3384608600
35,46,1.3387084500
35,47,1.3389560400
35,48,1.3392036300
35,49,1.3394512200
35,50,1.3396988100
35,51,1.3399464000
35,52,1.3401939900
35,53,1.3404415800
35,54,1.3406891700
35,55,1.3409367600
35,56,1.3411843500
35,57,1.3414319400
35,58,1.3416795300
35,59,1.3419271200
35,60,1.3421747100
35,61,1.3424223000
35,62,1.3426698900
35,63,1.3429174800
35,64,1.3431650700
35,65,0.5412210600
35,66,0.5414686500
35,67,0.5417162400
35,68,0.5419638300
35,69,0.5422114200
35,70,0.5424590100
35,71,0.5427066000
35,72,0.5429541900
35,73,0.5432017800
35,74,0.5434493700
35,75,1.3458885600
35,76,1.3461361500
35,77,1.3463837400
35,78,1.3466313300
35,79,1.3468789200
35,80,1.3471265100
35,81,1.3473741000
35,82,1.3476216900
35,83,1.3478692800
35,84,1.3481168700
35,85,1.3483644600
35,86,1.3486120500
35,87,1.3488596400
35,88,1.3491072300
35,89,1.3493548200
35,90,1.3496024100
35,91,1.3498500000
35,92,1.3500975900
35,93,1.3503451800
35,94,1.3505927700
35,95,1.3508403600
35,96,1.3510879500
35,97,1.3513355400
35,98,1.3515831300
35,99,1.3518307200
35,100,1.3520783100
36,0,1.3523259000
36,1,1.3525734900
36,2,1.3528210800
36,3,1.3530686700
36,4,1.3533162600
36,5,1.3535638500
36,6,1.3538114400
36,7,1.3540590300
36,8,1.3543066200
36,9,1.3545542100
36,10,1.3548018000
36,11,1.3550493900
36,12,1.3552969800
36,13,1.3555445700
36,14,1.3557921600
36,15,1.3560397500
36,16,1.3562873400
36,17,1.3565349300
36,18,1.3567825200
36,19,1.3570301100
36,20,1.3572777000
36,21,1.3575252900
36,22,1.3577728800
36,23,1.3580204700
36,24,1.3582680600
36,25,1.3585156500
36,26,1.3587632400
36,27,1.3590108300
36,28,1.3592584200
36,29,1.3595060100
36,30,1.3597536000
36,31,1.3600011900
36,32,1.3602487800
36,33,1.3604963700
36,34,1.3607439600
36,35,1.3609915500
36,36,1.3612391400
36,37,1.3614867300
36,38,1.3617343200
36,39,1.3619819100
36,40,1.3622295000
36,41,1.3624770900
36,42,1.3627246800
36,43,1.3629722700
36,44,1.3632198600
36,45,1.3634674500
36,46,1.3637150400
36,47,1.3639626300
36,48,1.3642102200
36,49,1.3644578100
36,50,1.3647054000
36,51,1.3649529900
36,52,1.3652005800
36,53,1.3654481700
36,54,1.3656957600
36,55,1.3659433500
36,56,1.3661909400
36,57,1.3664385300
36,58,1.3666861200
36,59,1.3669337100
36,60,1.3671813000
36,61,1.3674288900
36,62,1.3676764800
36,63,1.3679240700
36,64,0.5436969600
36,65,0.5439445500
36,66,0.5441921400
36,67,0.5444397300
36,68,0.5446873200
36,69,0.5449349100
36,70,0.5451825000
36,71,0.5454300900
36,72,0.5456776800
36,73,0.5459252700
36,74,1.3706475600
36,75,1.3708951500
36,76,1.3711427400
36,77,1.3713903300
36,78,1.3716379200
36,79,1.3718855100
36,80,1.3721331000
36,81,1.3723806900
36,82,1.3726282800
36,83,1.3728758700
36,84,1.3731234600
36,85,1.3733710500
36,86,1.3736186400
36,87,1.3738662300
36,88,1.3741138200
36,89,1.3743614100
36,90,1.3746090000
36,91,1.3748565900
36,92,1.3751041800
36,93,1.3753517700
36,94,1.3755993600
36,95,1.3758469500
36,96,1.3760945400
36,97,1.3763421300
36,98,1.3765897200
36,99,1.3768373100
36,100,1.3770849000
37,0,1.3773324900
37,1,1.3775800800
37,2,1.3778276700
37,3,1.3780752600
37,4,1.3783228500
37,5,1.3785704400
37,6,1.3788180300
37,7,1.3790656200
37,8,1.3793132100
37,9,1.3795608000
37,10,1.3798083900
37,11,1.3800559800
37,12,1.3803035700
37,13,1.3805511600
37,14,1.3807987500
37,15,1.3810463400
37,16,1.3812939300
37,17,1.3815415200
37,18,1.3817891100
37,19,1.3820367000
37,20,1.3822842900
37,21,1.3825318800
37,22,1.3827794700
37,23,1.3830270600
37,24,1.3832746500
37,25,1.3835222400
37,26,1.3837698300
37,27,1.3840174200
37,28,1.3842650100
37,29,1.3845126000
37,30,1.3847601900
37,31,1.3850077800
37,32,1.3852553700
37,33,1.3855029600
37,34,1.3857505500
37,35,1.3859981400
37,36,1.3862457300
37,37,1.3864933200
37,38,1.3867409100
37,39,1.3869885000
37,40,1.3872360900
37,41,1.3874836800
37,42,1.3877312700
37,43,1.3879788600
37,44,1.3882264500
37,45,1.3884740400
37,46,1.3887216300
37,47,1.3889692200
37,48,1.3892168100
37,49,1.3894644000
37,50,1.3897119900
37,51,1.3899595800
37,52,1.3902071700
37,53,1.3904547600
37,54,1.3907023500
37,55,1.3909499400
37,56,1.3911975300
37,57,1.3914451200
37,58,1.3916927100
37,59,1.3919403000
37,60,1.3921878900
37,61,1.3924354800
37,62,1.3926830700
37,63,0.5461728600
37,64,0.5464204500
37,65,0.5466680400
37,66,0.5469156300
37,67,0.5471632200
37,68,0.5474108100
37,69,0.5476584000
37,70,0.5479059900
37,71,0.5481535800
37,72,0.5484011700
37,73,1.3954065600
37,74,1.3956541500
37,75,1.3959017400
37,76,1.3961493300
37,77,1.3963969200
37,78,1.3966445100
37,79,1.3968921000
37,80,1.3971396900
37,81,1.3973872800
37,82,1.3976348700
37,83,1.3978824600
37,84,1.3981300500
37,85,1.3983776400
37,86,1.3986252300
37,87,1.3988728200
37,88,1.3991204100
37,89,1.3993680000
37,90,1.3996155900
37,91,1.3998631800
37,92,1.4001107700
37,93,1.4003583600
37,94,1.4006059500
37,95,1.4008535400
37,96,1.4011011300
37,97,1.4013487200
37,98,1.4015963100
37,99,1.4018439000
37,100,1.4020914900
38,0,1.4023390800
38,1,1.4025866700
38,2,1.4028342600
38,3,1.4030818500
38,4,1.4033294400
38,5,1.4035770300
38,6,1.4038246200
38,7,1.4040722100
38,8,1.4043198000
38,9,1.4045673900
38,10,1.4048149800
38,11,1.4050625700
38,12,1.4053101600
38,13,1.4055577500
38,14,1.4058053400
38,15,1.4060529300
38,16,1.4063005200
38,17,1.4065481100
38,18,1.4067957000
38,19,1.4070432900
38,20,1.4072908800
38,21,1.4075384700
38,22,1.4077860600
38,23,1.4080336500
38,24,1.4082812400
38,25,1.4085288300
38,26,1.4087764200
38,27,1.4090240100
38,28,1.4092716000
38,29,1.4095191900
38,30,1.4097667800
38,31,1.4100143700
38,32,1.4102619600
38,33,1.4105095500
38,34,1.4107571400
38,35,1.4110047300
38,36,1.4112523200
38,37,1.4114999100
38,38,1.4117475000
38,39,1.4119950900
38,40,1.4122426800
38,41,1.4124902700
38,42,1.4127378600
38,43,1.4129854500
38,44,1.4132330400
38,45,1.4134806300
38,46,1.4137282200
38,47,1.4139758100
38,48,1.4142234000
38,49,1.4144709900
38,50,1.4147185800
38,51,1.4149661700
38,52,1.4152137600
38,53,1.4154613500
38,54,1.4157089400
38,55,1.4159565300
38,56,1.4162041200
38,57,1.4164517100
38,58,1.4166993000
38,59,1.4169468900
38,60,1.4171944800
38,61,1.4174420700
38,62,0.5486487600
38,63,0.5488963500
38,64,0.5491439400
38,65,0.5493915300
38,66,0.5496391200
38,67,0.5498867100
38,68,0.5501343000
38,69,0.5503818900
38,70,0.5506294800
38,71,0.5508770700
38,72,1.4201655600
38,73,1.4204131500
38,74,1.4206607400
38,75,1.4209083300
38,76,1.4211559200
38,77,1.4214035100
38,78,1.4216511000
38,79,1.4218986900
38,80,1.4221462800
38,81,1.4223938700
38,82,1.4226414600
38,83,1.4228890500
38,84,1.4231366400
38,85,1.4233842300
38,86,1.4236318200
38,87,1.4238794100
38,88,1.4241270000
38,89,1.4243745900
38,90,1.4246221800
38,91,1.4248697700
38,92,1.4251173600
38,93,1.4253649500
38,94,1.4256125400
38,95,1.4258601300
38,96,1.4261077200
38,97,1.4263553100
38,98,1.4266029000
38,99,1.4268504900
38,100,1.4270980800
39,0,1.4273456700
39,1,1.4275932600
39,2,1.4278408500
39,3,1.4280884400
39,4,1.4283360300
39,5,1.4285836200
39,6,1.4288312100
39,7,1.4290788000
39,8,1.4293263900
39,9,1.4295739800
39,10,1.4298215700
39,11,1.4300691600
39,12,1.4303167500
39,13,1.4305643400
39,14,1.4308119300
39,15,1.4310595200
39,16,1.4313071100
39,17,1.4315547000
39,18,1.4318022900
39,19,1.4320498800
39,20,1.4322974700
39,21,1.4325450600
39,22,1.4327926500
39,23,1.4330402400
39,24,1.4332878300
39,25,1.4335354200
39,26,1.4337830100
39,27,1.4340306000
39,28,1.4342781900
39,29,1.4345257800
39,30,1.4347733700
39,31,1.4350209600
39,32,1.4352685500
39,33,1.4355161400
39,34,1.4357637300
39,35,1.4360113200
39,36,1.4362589100
39,37,1.4365065000
39,38,1.4367540900
39,39,1.4370016800
39,40,1.4372492700
39,41,1.4374968600
39,42,1.4377444500
39,43,1.4379920400
39,44,1.4382396300
39,45,1.4384872200
39,46,1.4387348100
39,47,1.4389824000
39,48,1.4392299900
39,49,1.4394775800
39,50,1.4397251700
39,51,1.4399727600
39,52,1.4402203500
39,53,1.4404679400
39,54,1.4407155300
39,55,1.4409631200
39,56,1.4412107100
39,57,1.4414583000
39,58,1.4417058900
39,59,1.4419534800
39,60,1.4422010700
39,61,0.5511246600
39,62,0.5513722500
39,63,0.5516198400
39,64,0.5518674300
39,65,0.5521150200
39,66,0.5523626100
39,67,0.5526102000
39,68,0.5528577900
39,69,0.5531053800
39,70,0.5533529700
39,71,1.4449245600
39,72,1.4451721500
39,73,1.4454197400
39,74,1.4456673300
39,75,1.4459149200
39,76,1.4461625100
39,77,1.4464101000
39,78,1.4466576900
39,79,1.4469052800
39,80,1.4471528700
39,81,1.4474004600
39,82,1.4476480500
39,83,1.4478956400
39,84,1.4481432300
39,85,1.4483908200
39,86,1.4486384100
39,87,1.4488860000
39,88,1.4491335900
39,89,1.4493811800
39,90,1.4496287700
39,91,1.4498763600
39,92,1.4501239500
39,93,1.4503715400
39,94,1.4506191300
39,95,1.4508667200
39,96,1.4511143100
39,97,1.4513619000
39,98,1.4516094900
39,99,1.4518570800
39,100,1.4521046700
40,0,1.4523522600
40,1,1.4525998500
40,2,1.4528474400
40,3,1.4530950300
40,4,1.4533426200
40,5,1.4535902100
40,6,1.4538378000
40,7,1.4540853900
40,8,1.4543329800
40,9,1.4545805700
40,10,1.4548281600
40,11,1.4550757500
40,12,1.4553233400
40,13,1.4555709300
40,14,1.4558185200
40,15,1.4560661100
40,16,1.4563137000
40,17,1.4565612900
40,18,1.4568088800
40,19,1.4570564700
40,20,1.4573040600
40,21,1.4575516500
40,22,1.4577992400
40,23,1.4580468300
40,24,1.4582944200
40,25,1.4585420100
40,26,1.4587896000
40,27,1.4590371900
40,28,1.4592847800
40,29,1.4595323700
40,30,1.4597799600
40,31,1.4600275500
40,32,1.4602751400
40,33,1.4605227300
40,34,1.4607703200
40,35,1.4610179100
40,36,1.4612655000
40,37,1.4615130900
40,38,1.4617606800
40,39,1.4620082700
40,40,1.4622558600
40,41,1.4625034500
40,42,1.4627510400
40,43,1.4629986300
40,44,1.4632462200
40,45,1.4634938100
40,46,1.4637414000
40,47,1.4639889900
40,48,1.4642365800
40,49,1.4644841700
40,50,1.4647317600
40,51,1.4649793500
40,52,1.4652269400
40,53,1.4654745300
40,54,1.4657221200
40,55,1.4659697100
40,56,1.4662173000
40,57,1.4664648900
40,58,1.4667124800
40,59,1.4669600700
40,60,0.5536005600
40,61,0.5538481500
40,62,0.5540957400
40,63,0.5543433300
40,64,0.5545909200
40,65,0.5548385100
40,66,0.5550861000
40,67,0.5553336900
40,68,0.5555812800
40,69,0.5558288700
40,70,1.4696835600
40,71,1.4699311500
40,72,1.4701787400
40,73,1.4704263300
40,74,1.4706739200
40,75,1.4709215100
40,76,1.4711691000
40,77,1.4714166900
40,78,1.4716642800
40,79,1.4719118700
40,80,1.4721594600
40,81,1.4724070500
40,82,1.4726546400
40,83,1.4729022300
40,84,1.4731498200
40,85,1.4733974100
40,86,1.4736450000
40,87,1.4738925900
40,88,1.4741401800
40,89,1.4743877700
40,90,1.4746353600
40,91,1.4748829500
40,92,1.4751305400
40,93,1.4753781300
40,94,1.4756257200
40,95,1.4758733100
40,96,1.4761209000
40,97,1.4763684900
40,98,1.4766160800
40,99,1.4768636700
40,100,1.4771112600
41,0,1.4773588500
41,1,1.4776064400
41,2,1.4778540300
41,3,1.4781016200
41,4,1.4783492100
41,5,1.4785968000
41,6,1.4788443900
41,7,1.4790919800
41,8,1.4793395700
41,9,1.4795871600
41,10,1.4798347500
41,11,1.4800823400
41,12,1.4803299300
41,13,1.4805775200
41,14,1.4808251100
41,15,1.4810727000
41,16,1.4813202900
41,17,1.4815678800
41,18,1.4818154700
41,19,1.4820630600
41,20,1.4823106500
41,21,1.4825582400
41,22,1.4828058300
41,23,1.4830534200
41,24,1.4833010100
41,25,1.4835486000
41,26,1.4837961900
41,27,1.4840437800
41,28,1.4842913700
41,29,1.4845389600
41,30,1.4847865500
41,31,1.4850341400
41,32,1.4852817300
41,33,1.4855293200
41,34,1.4857769100
41,35,1.4860245000
41,36,1.4862720900
41,37,1.4865196800
41,38,1.4867672700
41,39,1.4870148600
41,40,1.4872624500
41,41,1.4875100400
41,42,1.4877576300
41,43,1.4880052200
41,44,1.4882528100
41,45,1.4885004000
41,46,1.4887479900
41,47,1.4889955800
41,48,1.4892431700
41,49,1.4894907600
41,50,1.4897383500
41,51,1.4899859400
41,52,1.4902335300
41,53,1.4904811200
41,54,1.4907287100
41,55,1.4909763000
41,56,1.4912238900
41,57,1.4914714800
41,58,1.4917190700
41,59,0.5560764600
41,60,0.5563240500
41,61,0.5565716400
41,62,0.5568192300
41,63,0.5570668200
41,64,0.5573144100
41,65,0.5575620000
41,66,0.5578095900
41,67,0.5580571800
41,68,0.5583047700
41,69,1.4944425600
41,70,1.4946901500
41,71,1.4949377400
41,72,1.4951853300
41,73,1.4954329200
41,74,1.4956805100
41,75,1.4959281000
41,76,1.4961756900
41,77,1.4964232800
41,78,1.4966708700
41,79,1.4969184600
41,80,1.4971660500
41,81,1.4974136400
41,82,1.4976612300
41,83,1.4979088200
41,84,1.4981564100
41,85,1.4984040000
41,86,1.4986515900
41,87,1.4988991800
41,88,1.4991467700
41,89,1.4993943600
41,90,1.4996419500
41,91,1.4998895400
41,92,1.5001371300
41,93,1.5003847200
41,94,1.5006323100
41,95,1.5008799000
41,96,1.5011274900
41,97,1.5013750800
41,98,1.5016226700
41,99,1.5018702600
41,100,1.5021178500
42,0,1.5023654400
42,1,1.5026130300
42,2,1.5028606200
42,3,1.5031082100
42,4,1.5033558000
42,5,1.5036033900
42,6,1.5038509800
42,7,1.5040985700
42,8,1.5043461600
42,9,1.5045937500
42,10,1.5048413400
42,11,1.5050889300
42,12,1.5053365200
42,13,1.5055841100
42,14,1.5058317000
42,15,1.5060792900
42,16,1.5063268800
42,17,1.5065744700
42,18,1.5068220600
42,19,1.5070696500
42,20,1.5073172400
42,21,1.5075648300
42,22,1.5078124200
42,23,1.5080600100
42,24,1.5083076000
42,25,1.5085551900
42,26,1.5088027800
42,27,1.5090503700
42,28,1.5092979600
42,29,1.5095455500
42,30,1.5097931400
42,31,1.5100407300
42,32,1.5102883200
42,33,1.5105359100
42,34,1.5107835000
42,35,1.5110310900
42,36,1.5112786800
42,37,1.5115262700
42,38,1.5117738600
42,39,1.5120214500
42,40,1.5122690400
42,41,1.5125166300
42,42,1.5127642200
42,43,1.5130118100
42,44,1.5132594000
42,45,1.5135069900
42,46,1.5137545800
42,47,1.5140021700
42,48,1.5142497600
42,49,1.5144973500
42,50,1.5147449400
42,51,1.5149925300
42,52,1.5152401200
42,53,1.5154877100
42,54,1.5157353000
42,55,1.5159828900
42,56,1.5162304800
42,57,1.5164780700
42,58,0.5585523600
42,59,0.5587999500
42,60,0.5590475400
42,61,0.5592951300
42,62,0.5595427200
42,63,0.5597903100
42,64,0.5600379000
42,65,0.5602854900
42,66,0.5605330800
42,67,0.5607806700
42,68,1.5192015600
42,69,1.5194491500
42,70,1.5196967400
42,71,1.5199443300
42,72,1.5201919200
42,73,1.5204395100
42,74,1.5206871000
42,75,1.5209346900
42,76,1.5211822800
42,77,1.5214298700
42,78,1.5216774600
42,79,1.5219250500
42,80,1.5221726400
42,81,1.5224202300
42,82,1.5226678200
42,83,1.5229154100
42,84,1.5231630000
42,85,1.5234105900
42,86,1.5236581800
42,87,1.5239057700
42,88,1.5241533600
42,89,1.5244009500
42,90,1.5246485400
42,91,1.5248961300
42,92,1.5251437200
42,93,1.5253913100
42,94,1.5256389000
42,95,1.5258864900
42,96,1.5261340800
42,97,1.5263816700
42,98,1.5266292600
42,99,1.5268768500
42,100,1.5271244400
43,0,1.5273720300
43,1,1.5276196200
43,2,1.5278672100
43,3,1.5281148000
43,4,1.5283623900
43,5,1.5286099800
43,6,1.5288575700
43,7,1.5291051600
43,8,1.5293527500
43,9,1.5296003400
43,10,1.5298479300
43,11,1.5300955200
43,12,1.5303431100
43,13,1.5305907000
43,14,1.5308382900
43,15,1.5310858800
43,16,1.5313334700
43,17,1.5315810600
43,18,1.5318286500
43,19,1.5320762400
43,20,1.5323238300
43,21,1.5325714200
43,22,1.5328190100
43,23,1.5330666000
43,24,1.5333141900
43,25,1.5335617800
43,26,1.5338093700
43,27,1.5340569600
43,28,1.5343045500
43,29,1.5345521400
43,30,1.5347997300
43,31,1.5350473200
43,32,1.5352949100
43,33,1.5355425000
43,34,1.5357900900
43,35,1.5360376800
43,36,1.5362852700
43,37,1.5365328600
43,38,1.5367804500
43,39,1.5370280400
43,40,1.5372756300
43,41,1.5375232200
43,42,1.5377708100
43,43,1.5380184000
43,44,1.5382659900
43,45,1.5385135800
43,46,1.5387611700
43,47,1.5390087600
43,48,1.5392563500
43,49,1.5395039400
43,50,1.5397515300
43,51,1.5399991200
43,52,1.5402467100
43,53,1.5404943000
43,54,1.5407418900
43,55,1.5409894800
43,56,1.5412370700
43,57,0.5610282600
43,58,0.5612758500
43,59,0.5615234400
43,60,0.5617710300
43,61,0.5620186200
43,62,0.5622662100
43,63,0.5625138000
43,64,0.5627613900
43,65,0.5630089800
43,66,0.5632565700
43,67,1.5439605600
43,68,1.5442081500
43,69,1.5444557400
43,70,1.5447033300
43,71,1.5449509200
43,72,1.5451985100
43,73,1.5454461000
43,74,1.5456936900
43,75,1.5459412800
43,76,1.5461888700
43,77,1.5464364600
43,78,1.5466840500
43,79,1.5469316400
43,80,1.5471792300
43,81,1.5474268200
43,82,1.5476744100
43,83,1.5479220000
43,84,1.5481695900
43,85,1.5484171800
43,86,1.5486647700
43,87,1.5489123600
43,88,1.5491599500
43,89,1.5494075400
43,90,1.5496551300
43,91,1.5499027200
43,92,1.5501503100
43,93,1.5503979000
43,94,1.5506454900
43,95,1.5508930800
43,96,1.5511406700
43,97,1.5513882600
43,98,1.5516358500
43,99,1.5518834400
43,100,1.5521310300
44,0,1.5523786200
44,1,1.5526262100
44,2,1.5528738000
44,3,1.5531213900
44,4,1.5533689800
44,5,1.5536165700
44,6,1.5538641600
44,7,1.5541117500
44,8,1.5543593400
44,9,1.5546069300
44,10,1.5548545200
44,11,1.5551021100
44,12,1.5553497000
44,13,1.5555972900
44,14,1.5558448800
44,15,1.5560924700
44,16,1.5563400600
44,17,1.5565876500
44,18,1.5568352400
44,19,1.5570828300
44,20,1.5573304200
44,21,1.5575780100
44,22,1.5578256000
44,23,1.5580731900
44,24,1.5583207800
44,25,1.5585683700
44,26,1.5588159600
44,27,1.5590635500
44,28,1.5593111400
44,29,1.5595587300
44,30,1.5598063200
44,31,1.5600539100
44,32,1.5603015000
44,33,1.5605490900
44,34,1.5607966800
44,35,1.5610442700
44,36,1.5612918600
44,37,1.5615394500
44,38,1.5617870400
44,39,1.5620346300
44,40,1.5622822200
44,41,1.5625298100
44,42,1.5627774000
44,43,1.5630249900
44,44,1.5632725800
44,45,1.5635201700
44,46,1.5637677600
44,47,1.5640153500
44,48,1.5642629400
44,49,1.5645105300
44,50,1.5647581200
44,51,1.5650057100
44,52,1.5652533000
44,53,1.5655008900
44,54,1.5657484800
44,55,1.5659960700
44,56,0.5635041600
44,57,0.5637517500
44,58,0.5639993400
44,59,0.5642469300
44,60,0.5644945200
44,61,0.5647421100
44,62,0.5649897000
44,63,0.5652372900
44,64,0.5654848800
44,65,0.5657324700
44,66,1.5687195600
44,67,1.5689671500
44,68,1.5692147400
44,69,1.5694623300
44,70,1.5697099200
44,71,1.5699575100
44,72,1.5702051000
44,73,1.5704526900
44,74,1.5707002800
44,75,1.5709478700
44,76,1.5711954600
44,77,1.5714430500
44,78,1.5716906400
44,79,1.5719382300
44,80,1.5721858200
44,81,1.5724334100
44,82,1.5726810000
44,83,1.5729285900
44,84,1.5731761800
44,85,1.5734237700
44,86,1.5736713600
44,87,1.5739189500
44,88,1.5741665400
44,89,1.5744141300
44,90,1.5746617200
44,91,1.5749093100
44,92,1.5751569000
44,93,1.5754044900
44,94,1.5756520800
44,95,1.5758996700
44,96,1.5761472600
44,97,1.5763948500
44,98,1.5766424400
44,99,1.5768900300
44,100,1.5771376200
45,0,1.5773852100
45,1,1.5776328000
45,2,1.5778803900
45,3,1.5781279800
45,4,1.5783755700
45,5,1.5786231600
45,6,1.5788707500
45,7,1.5791183400
45,8,1.5793659300
45,9,1.5796135200
45,10,1.5798611100
45,11,1.5801087000
45,12,1.5803562900
45,13,1.5806038800
45,14,1.5808514700
45,15,1.5810990600
45,16,1.5813466500
45,17,1.5815942400
45,18,1.5818418300
45,19,1.5820894200
45,20,1.5823370100
45,21,1.5825846000
45,22,1.5828321900
45,23,1.5830797800
45,24,1.5833273700
45,25,1.5835749600
45,26,1.5838225500
45,27,1.5840701400
45,28,1.5843177300
45,29,1.5845653200
45,30,1.5848129100
45,31,1.5850605000
45,32,1.5853080900
45,33,1.5855556800
45,34,1.5858032700
45,35,1.5860508600
45,36,1.5862984500
45,37,1.5865460400
45,38,1.5867936300
45,39,1.5870412200
45,40,1.5872888100
45,41,1.5875364000
45,42,1.5877839900
45,43,1.5880315800
45,44,1.5882791700
45,45,1.5885267600
45,46,1.5887743500
45,47,1.5890219400
45,48,1.5892695300
45,49,1.5895171200
45,50,1.5897647100
45,51,1.5900123000
45,52,1.5902598900
45,53,1.5905074800
45,54,1.5907550700
45,55,0.5659800600
45,56,0.5662276500
45,57,0.5664752400
45,58,0.5667228300
45,59,0.5669704200
45,60,0.5672180100
45,61,0.5674656000
45,62,0.5677131900
45,63,0.5679607800
45,64,0.5682083700
45,65,1.5934785600
45,66,1.5937261500
45,67,1.5939737400
45,68,1.5942213300
45,69,1.5944689200
45,70,1.5947165100
45,71,1.5949641000
45,72,1.5952116900
45,73,1.5954592800
45,74,1.5957068700
45,75,1.5959544600
45,76,1.5962020500
45,77,1.5964496400
45,78,1.5966972300
45,79,1.5969448200
45,80,1.5971924100
45,81,1.5974400000
45,82,1.5976875900
45,83,1.5979351800
45,84,1.5981827700
45,85,1.5984303600
45,86,1.5986779500
45,87,1.5989255400
45,88,1.5991731300
45,89,1.5994207200
45,90,1.5996683100
45,91,1.5999159000
45,92,1.6001634900
45,93,1.6004110800
45,94,1.6006586700
45,95,1.6009062600
45,96,1.6011538500
45,97,1.6014014400
45,98,1.6016490300
45,99,1.6018966200
45,100,1.6021442100
46,0,1.6023918000
46,1,1.6026393900
46,2,1.6028869800
46,3,1.6031345700
46,4,1.6033821600
46,5,1.6036297500
46,6,1.6038773400
46,7,1.6041249300
46,8,1.6043725200
46,9,1.6046201100
46,10,1.6048677000
46,11,1.6051152900
46,12,1.6053628800
46,13,1.6056104700
46,14,1.6058580600
46,15,1.6061056500
46,16,1.6063532400
46,17,1.6066008300
46,18,1.6068484200
46,19,1.6070960100
46,20,1.6073436000
46,21,1.6075911900
46,22,1.6078387800
46,23,1.6080863700
46,24,1.6083339600
46,25,1.6085815500
46,26,1.6088291400
46,27,1.6090767300
46,28,1.6093243200
46,29,1.6095719100
46,30,1.6098195000
46,31,1.6100670900
46,32,1.6103146800
46,33,1.6105622700
46,34,1.6108098600
46,35,1.6110574500
46,36,1.6113050400
46,37,1.6115526300
46,38,1.6118002200
46,39,1.6120478100
46,40,1.6122954000
46,41,1.6125429900
46,42,1.6127905800
46,43,1.6130381700
46,44,1.6132857600
46,45,1.6135333500
46,46,1.6137809400
46,47,1.6140285300
46,48,1.6142761200
46,49,1.6145237100
46,50,1.6147713000
46,51,1.6150188900
46,52,1.6152664800
46,53,1.6155140700
46,54,0.5684559600
46,55,0.5687035500
46,56,0.5689511400
46,57,0.5691987300
46,58,0.5694463200
46,59,0.5696939100
46,60,0.5699415000
46,61,0.5701890900
46,62,0.5704366800
46,63,0.5706842700
46,64,1.6182375600
46,65,1.6184851500
46,66,1.6187327400
46,67,1.6189803300
46,68,1.6192279200
46,69,1.6194755100
46,70,1.6197231000
46,71,1.6199706900
46,72,1.6202182800
46,73,1.6204658700
46,74,1.6207134600
46,75,1.6209610500
46,76,1.6212086400
46,77,1.6214562300
46,78,1.6217038200
46,79,1.6219514100
46,80,1.6221990000
46,81,1.6224465900
46,82,1.6226941800
46,83,1.6229417700
46,84,1.6231893600
46,85,1.6234369500
46,86,1.6236845400
46,87,1.6239321300
46,88,1.6241797200
46,89,1.6244273100
46,90,1.6246749000
46,91,1.6249224900
46,92,1.6251700800
46,93,1.6254176700
46,94,1.6256652600
46,95,1.6259128500
46,96,1.6261604400
46,97,1.6264080300
46,98,1.6266556200
46,99,1.6269032100
46,100,1.6271508000
47,0,1.6273983900
47,1,1.6276459800
47,2,1.6278935700
47,3,1.6281411600
47,4,1.6283887500
47,5,1.6286363400
47,6,1.6288839300
47,7,1.6291315200
47,8,1.6293791100
47,9,1.6296267000
47,10,1.6298742900
47,11,1.6301218800
47,12,1.6303694700
47,13,1.6306170600
47,14,1.6308646500
47,15,1.6311122400
47,16,1.6313598300
47,17,1.6316074200
47,18,1.6318550100
47,19,1.6321026000
47,20,1.6323501900
47,21,1.6325977800
47,22,1.6328453700
47,23,1.6330929600
47,24,1.6333405500
47,25,1.6335881400
47,26,1.6338357300
47,27,1.6340833200
47,28,1.6343309100
47,29,1.6345785000
47,30,1.6348260900
47,31,1.6350736800
47,32,1.6353212700
47,33,1.6355688600
47,34,1.6358164500
47,35,1.6360640400
47,36,1.6363116300
47,37,1.6365592200
47,38,1.6368068100
47,39,1.6370544000
47,40,1.6373019900
47,41,1.6375495800
47,42,1.6377971700
47,43,1.6380447600
47,44,1.6382923500
47,45,1.6385399400
47,46,1.6387875300
47,47,1.6390351200
47,48,1.6392827100
47,49,1.6395303000
47,50,1.6397778900
47,51,1.6400254800
47,52,1.6402730700
47,53,0.5709318600
47,54,0.5711794500
47,55,0.5714270400
47,56,0.5716746300
47,57,0.5719222200
47,58,0.5721698100
47,59,0.5724174000
47,60,0.5726649900
47,61,0.5729125800
47,62,0.5731601700
47,63,1.6429965600
47,64,1.6432441500
47,65,1.6434917400
47,66,1.6437393300
47,67,1.6439869200
47,68,1.6442345100
47,69,1.6444821000
47,70,1.6447296900
47,71,1.6449772800
47,72,1.6452248700
47,73,1.6454724600
47,74,1.6457200500
47,75,1.6459676400
47,76,1.6462152300
47,77,1.6464628200
47,78,1.6467104100
47,79,1.6469580000
47,80,1.6472055900
47,81,1.6474531800
47,82,1.6477007700
47,83,1.6479483600
47,84,1.6481959500
47,85,1.6484435400
47,86,1.6486911300
47,87,1.6489387200
47,88,1.6491863100
47,89,1.6494339000
47,90,1.6496814900
47,91,1.6499290800
47,92,1.6501766700
47,93,1.6504242600
47,94,1.6506718500
47,95,1.6509194400
47,96,1.6511670300
47,97,1.6514146200
47,98,1.6516622100
47,99,1.6519098000
47,100,1.6521573900
48,0,1.6524049800
48,1,1.6526525700
48,2,1.6529001600
48,3,1.6531477500
48,4,1.6533953400
48,5,1.6536429300
48,6,1.6538905200
48,7,1.6541381100
48,8,1.6543857000
48,9,1.6546332900
48,10,1.6548808800
48,11,1.6551284700
48,12,1.6553760600
48,13,1.6556236500
48,14,1.6558712400
48,15,1.6561188300
48,16,1.6563664200
48,17,1.6566140100
48,18,1.6568616000
48,19,1.6571091900
48,20,1.6573567800
48,21,1.6576043700
48,22,1.6578519600
48,23,1.6580995500
48,24,1.6583471400
48,25,1.6585947300
48,26,1.6588423200
48,27,1.6590899100
48,28,1.6593375000
48,29,1.6595850900
48,30,1.6598326800
48,31,1.6600802700
48,32,1.6603278600
48,33,1.6605754500
48,34,1.6608230400
48,35,1.6610706300
48,36,1.6613182200
48,37,1.6615658100
48,38,1.6618134000
48,39,1.6620609900
48,40,1.6623085800
48,41,1.6625561700
48,42,1.6628037600
48,43,1.6630513500
48,44,1.6632989400
48,45,1.6635465300
48,46,1.6637941200
48,47,1.6640417100
48,48,1.6642893000
48,49,1.6645368900
48,50,1.6647844800
48,51,1.6650320700
48,52,0.5734077600
48,53,0.5736553500
48,54,0.5739029400
48,55,0.5741505300
48,56,0.5743981200
48,57,0.5746457100
48,58,0.5748933000
48,59,0.5751408900
48,60,0.5753884800
48,61,0.5756360700
48,62,1.6677555600
48,63,1.6680031500
48,64,1.6682507400
48,65,1.6684983300
48,66,1.6687459200
48,67,1.6689935100
48,68,1.6692411000
48,69,1.6694886900
48,70,1.6697362800
48,71,1.6699838700
48,72,1.6702314600
48,73,1.6704790500
48,74,1.6707266400
48,75,1.6709742300
48,76,1.6712218200
48,77,1.6714694100
48,78,1.6717170000
48,79,1.6719645900
48,80,1.6722121800
48,81,1.6724597700
48,82,1.6727073600
48,83,1.6729549500
48,84,1.6732025400
48,85,1.6734501300
48,86,1.6736977200
48,87,1.6739453100
48,88,1.6741929000
48,89,1.6744404900
48,90,1.6746880800
48,91,1.6749356700
48,92,1.6751832600
48,93,1.6754308500
48,94,1.6756784400
48,95,1.6759260300
48,96,1.6761736200
48,97,1.6764212100
48,98,1.6766688000
48,99,1.6769163900
48,100,1.6771639800
49,0,1.6774115700
49,1,1.6776591600
49,2,1.6779067500
49,3,1.6781543400
49,4,1.6784019300
49,5,1.6786495200
49,6,1.6788971100
49,7,1.6791447000
49,8,1.6793922900
49,9,1.6796398800
49,10,1.6798874700
49,11,1.6801350600
49,12,1.6803826500
49,13,1.6806302400
49,14,1.6808778300
49,15,1.6811254200
49,16,1.6813730100
49,17,1.6816206000
49,18,1.6818681900
49,19,1.6821157800
49,20,1.6823633700
49,21,1.6826109600
49,22,1.6828585500
49,23,1.6831061400
49,24,1.6833537300
49,25,1.6836013200
49,26,1.6838489100
49,27,1.6840965000
49,28,1.6843440900
49,29,1.6845916800
49,30,1.6848392700
49,31,1.6850868600
49,32,1.6853344500
49,33,1.6855820400
49,34,1.6858296300
49,35,1.6860772200
49,36,1.6863248100
49,37,1.6865724000
49,38,1.6868199900
49,39,1.6870675800
49,40,1.6873151700
49,41,1.6875627600
49,42,1.6878103500
49,43,1.6880579400
49,44,1.6883055300
49,45,1.6885531200
49,46,1.6888007100
49,47,1.6890483000
49,48,1.6892958900
49,49,1.6895434800
49,50,1.6897910700
