0,0,0.3196373000
0,1,0.3114630000
0,2,0.2667911500
0,3,0.2032865700
0,4,0.2035341600
0,5,0.2037817500
0,6,0.2040293400
0,7,0.2042769300
0,8,0.2045245200
0,9,0.2047721100
0,10,0.2050197000
0,11,0.2052672900
0,12,0.2055148800
0,13,0.2057624700
0,14,0.2060100600
0,15,0.2062576500
0,16,0.2065052400
0,17,0.2067528300
0,18,0.2070004200
0,19,0.2072480100
0,20,0.2074956000
0,21,0.2077431900
0,22,0.2079907800
0,23,0.2082383700
0,24,0.2084859600
0,25,0.2087335500
0,26,0.2089811400
0,27,0.2092287300
0,28,0.2094763200
0,29,0.2097239100
0,30,0.2099715000
0,31,0.2102190900
0,32,0.2104666800
0,33,0.2107142700
0,34,0.2109618600
0,35,0.2112094500
0,36,0.2114570400
0,37,0.2117046300
0,38,0.2119522200
0,39,0.2121998100
0,40,0.2124474000
0,41,0.2126949900
0,42,0.2129425800
0,43,0.2131901700
0,44,0.2134377600
0,45,0.2136853500
0,46,0.2139329400
0,47,0.2141805300
0,48,0.2144281200
0,49,0.2146757100
0,50,0.2149233000
0,51,0.2151708900
0,52,0.2154184800
0,53,0.2156660700
0,54,0.2159136600
0,55,0.2161612500
0,56,0.2164088400
0,57,0.2166564300
0,58,0.2169040200
0,59,0.2171516100
0,60,0.2173992000
0,61,0.2176467900
0,62,0.2178943800
0,63,0.2181419700
0,64,0.2183895600
0,65,0.2186371500
0,66,0.2188847400
0,67,0.2191323300
0,68,0.2193799200
0,69,0.2196275100
0,70,0.2198751000
0,71,0.2201226900
0,72,0.2203702800
0,73,0.2206178700
0,74,0.2208654600
0,75,0.2211130500
0,76,0.2213606400
0,77,0.2216082300
0,78,0.2218558200
0,79,0.2221034100
0,80,0.2223510000
0,81,0.2225985900
0,82,0.2228461800
0,83,0.2230937700
0,84,0.2233413600
0,85,0.2235889500
0,86,0.2238365400
0,87,0.2240841300
0,88,0.2243317200
0,89,0.2245793100
0,90,0.2248269000
0,91,0.2250744900
0,92,0.2253220800
0,93,0.2255696700
0,94,0.2258172600
0,95,0.2260648500
0,96,0.2263124400
0,97,0.2265600300
0,98,0.2268076200
0,99,0.2270552100
0,100,0.2050197000
1,0,0.2052672900
1,1,0.2055148800
1,2,0.2057624700
1,3,0.2060100600
1,4,0.2062576500
1,5,0.2065052400
1,6,0.2067528300
1,7,0.2070004200
1,8,0.2072480100
1,9,0.2297787000
1,10,0.2300262900
1,11,0.2302738800
1,12,0.2305214700
1,13,0.2307690600
1,14,0.2310166500
1,15,0.2312642400
1,16,0.2315118300
1,17,0.2317594200
1,18,0.2320070100
1,19,0.2322546000
1,20,0.2325021900
1,21,0.2327497800
1,22,0.2329973700
1,23,0.2332449600
1,24,0.2334925500
1,25,0.2337401400
1,26,0.2339877300
1,27,0.2342353200
1,28,0.2344829100
1,29,0.2347305000
1,30,0.2349780900
1,31,0.2352256800
1,32,0.2354732700
1,33,0.2357208600
1,34,0.2359684500
1,35,0.2362160400
1,36,0.2364636300
1,37,0.2367112200
1,38,0.2369588100
1,39,0.2372064000
1,40,0.2374539900
1,41,0.2377015800
1,42,0.2379491700
1,43,0.2381967600
1,44,0.2384443500
1,45,0.2386919400
1,46,0.2389395300
1,47,0.2391871200
1,48,0.2394347100
1,49,0.2396823000
1,50,0.2399298900
1,51,0.2401774800
1,52,0.2404250700
1,53,0.2406726600
1,54,0.2409202500
1,55,0.2411678400
1,56,0.2414154300
1,57,0.2416630200
1,58,0.2419106100
1,59,0.2421582000
1,60,0.2424057900
1,61,0.2426533800
1,62,0.2429009700
1,63,0.2431485600
1,64,0.2433961500
1,65,0.2436437400
1,66,0.2438913300
1,67,0.2441389200
1,68,0.2443865100
1,69,0.2446341000
1,70,0.2448816900
1,71,0.2451292800
1,72,0.2453768700
1,73,0.2456244600
1,74,0.2458720500
1,75,0.2461196400
1,76,0.2463672300
1,77,0.2466148200
1,78,0.2468624100
1,79,0.2471100000
1,80,0.2473575900
1,81,0.2476051800
1,82,0.2478527700
1,83,0.2481003600
1,84,0.2483479500
1,85,0.2485955400
1,86,0.2488431300
1,87,0.2490907200
1,88,0.2493383100
1,89,0.2495859000
1,90,0.2498334900
1,91,0.2500810800
1,92,0.2503286700
1,93,0.2505762600
1,94,0.2508238500
1,95,0.2510714400
1,96,0.2513190300
1,97,0.2515666200
1,98,0.2518142100
1,99,0.2074956000
1,100,0.2077431900
2,0,0.2079907800
2,1,0.2082383700
2,2,0.2084859600
2,3,0.2087335500
2,4,0.2089811400
2,5,0.2092287300
2,6,0.2094763200
2,7,0.2097239100
2,8,0.2545377000
2,9,0.2547852900
2,10,0.2550328800
2,11,0.2552804700
2,12,0.2555280600
2,13,0.2557756500
2,14,0.2560232400
2,15,0.2562708300
2,16,0.2565184200
2,17,0.2567660100
2,18,0.2570136000
2,19,0.2572611900
2,20,0.2575087800
2,21,0.2577563700
2,22,0.2580039600
2,23,0.2582515500
2,24,0.2584991400
2,25,0.2587467300
2,26,0.2589943200
2,27,0.2592419100
2,28,0.2594895000
2,29,0.2597370900
2,30,0.2599846800
2,31,0.2602322700
2,32,0.2604798600
2,33,0.2607274500
2,34,0.2609750400
2,35,0.2612226300
2,36,0.2614702200
2,37,0.2617178100
2,38,0.2619654000
2,39,0.2622129900
2,40,0.2624605800
2,41,0.2627081700
2,42,0.2629557600
2,43,0.2632033500
2,44,0.2634509400
2,45,0.2636985300
2,46,0.2639461200
2,47,0.2641937100
2,48,0.2644413000
2,49,0.2646888900
2,50,0.2649364800
2,51,0.2651840700
2,52,0.2654316600
2,53,0.2656792500
2,54,0.2659268400
2,55,0.2661744300
2,56,0.2664220200
2,57,0.2666696100
2,58,0.2669172000
2,59,0.2671647900
2,60,0.2674123800
2,61,0.2676599700
2,62,0.2679075600
2,63,0.2681551500
2,64,0.2684027400
2,65,0.2686503300
2,66,0.2688979200
2,67,0.2691455100
2,68,0.2693931000
2,69,0.2696406900
2,70,0.2698882800
2,71,0.2701358700
2,72,0.2703834600
2,73,0.2706310500
2,74,0.2708786400
2,75,0.2711262300
2,76,0.2713738200
2,77,0.2716214100
2,78,0.2718690000
2,79,0.2721165900
2,80,0.2723641800
2,81,0.2726117700
2,82,0.2728593600
2,83,0.2731069500
2,84,0.2733545400
2,85,0.2736021300
2,86,0.2738497200
2,87,0.2740973100
2,88,0.2743449000
2,89,0.2745924900
2,90,0.2748400800
2,91,0.2750876700
2,92,0.2753352600
2,93,0.2755828500
2,94,0.2758304400
2,95,0.2760780300
2,96,0.2763256200
2,97,0.2765732100
2,98,0.2099715000
2,99,0.2102190900
2,100,0.2104666800
3,0,0.2107142700
3,1,0.2109618600
3,2,0.2112094500
3,3,0.2114570400
3,4,0.2117046300
3,5,0.2119522200
3,6,0.2121998100
3,7,0.2792967000
3,8,0.2795442900
3,9,0.2797918800
3,10,0.2800394700
3,11,0.2802870600
3,12,0.2805346500
3,13,0.2807822400
3,14,0.2810298300
3,15,0.2812774200
3,16,0.2815250100
3,17,0.2817726000
3,18,0.2820201900
3,19,0.2822677800
3,20,0.2825153700
3,21,0.2827629600
3,22,0.2830105500
3,23,0.2832581400
3,24,0.2835057300
3,25,0.2837533200
3,26,0.2840009100
3,27,0.2842485000
3,28,0.2844960900
3,29,0.2847436800
3,30,0.2849912700
3,31,0.2852388600
3,32,0.2854864500
3,33,0.2857340400
3,34,0.2859816300
3,35,0.2862292200
3,36,0.2864768100
3,37,0.2867244000
3,38,0.2869719900
3,39,0.2872195800
3,40,0.2874671700
3,41,0.2877147600
3,42,0.2879623500
3,43,0.2882099400
3,44,0.2884575300
3,45,0.2887051200
3,46,0.2889527100
3,47,0.2892003000
3,48,0.2894478900
3,49,0.2896954800
3,50,0.2899430700
3,51,0.2901906600
3,52,0.2904382500
3,53,0.2906858400
3,54,0.2909334300
3,55,0.2911810200
3,56,0.2914286100
3,57,0.2916762000
3,58,0.2919237900
3,59,0.2921713800
3,60,0.2924189700
3,61,0.2926665600
3,62,0.2929141500
3,63,0.2931617400
3,64,0.2934093300
3,65,0.2936569200
3,66,0.2939045100
3,67,0.2941521000
3,68,0.2943996900
3,69,0.2946472800
3,70,0.2948948700
3,71,0.2951424600
3,72,0.2953900500
3,73,0.2956376400
3,74,0.2958852300
3,75,0.2961328200
3,76,0.2963804100
3,77,0.2966280000
3,78,0.2968755900
3,79,0.2971231800
3,80,0.2973707700
3,81,0.2976183600
3,82,0.2978659500
3,83,0.2981135400
3,84,0.2983611300
3,85,0.2986087200
3,86,0.2988563100
3,87,0.2991039000
3,88,0.2993514900
3,89,0.2995990800
3,90,0.2998466700
3,91,0.3000942600
3,92,0.3003418500
3,93,0.3005894400
3,94,0.3008370300
3,95,0.3010846200
3,96,0.3013322100
3,97,0.2124474000
3,98,0.2126949900
3,99,0.2129425800
3,100,0.2131901700
4,0,0.2134377600
4,1,0.2136853500
4,2,0.2139329400
4,3,0.2141805300
4,4,0.2144281200
4,5,0.2146757100
4,6,0.3040557000
4,7,0.3043032900
4,8,0.3045508800
4,9,0.3047984700
4,10,0.3050460600
4,11,0.3052936500
4,12,0.3055412400
4,13,0.3057888300
4,14,0.3060364200
4,15,0.3062840100
4,16,0.3065316000
4,17,0.3067791900
4,18,0.3070267800
4,19,0.3072743700
4,20,0.3075219600
4,21,0.3077695500
4,22,0.3080171400
4,23,0.3082647300
4,24,0.3085123200
4,25,0.3087599100
4,26,0.3090075000
4,27,0.3092550900
4,28,0.3095026800
4,29,0.3097502700
4,30,0.3099978600
4,31,0.3102454500
4,32,0.3104930400
4,33,0.3107406300
4,34,0.3109882200
4,35,0.3112358100
4,36,0.3114834000
4,37,0.3117309900
4,38,0.3119785800
4,39,0.3122261700
4,40,0.3124737600
4,41,0.3127213500
4,42,0.3129689400
4,43,0.3132165300
4,44,0.3134641200
4,45,0.3137117100
4,46,0.3139593000
4,47,0.3142068900
4,48,0.3144544800
4,49,0.3147020700
4,50,0.3149496600
4,51,0.3151972500
4,52,0.3154448400
4,53,0.3156924300
4,54,0.3159400200
4,55,0.3161876100
4,56,0.3164352000
4,57,0.3166827900
4,58,0.3169303800
4,59,0.3171779700
4,60,0.3174255600
4,61,0.3176731500
4,62,0.3179207400
4,63,0.3181683300
4,64,0.3184159200
4,65,0.3186635100
4,66,0.3189111000
4,67,0.3191586900
4,68,0.3194062800
4,69,0.3196538700
4,70,0.3199014600
4,71,0.3201490500
4,72,0.3203966400
4,73,0.3206442300
4,74,0.3208918200
4,75,0.3211394100
4,76,0.3213870000
4,77,0.3216345900
4,78,0.3218821800
4,79,0.3221297700
4,80,0.3223773600
4,81,0.3226249500
4,82,0.3228725400
4,83,0.3231201300
4,84,0.3233677200
4,85,0.3236153100
4,86,0.3238629000
4,87,0.3241104900
4,88,0.3243580800
4,89,0.3246056700
4,90,0.3248532600
4,91,0.3251008500
4,92,0.3253484400
4,93,0.3255960300
4,94,0.3258436200
4,95,0.3260912100
4,96,0.2149233000
4,97,0.2151708900
4,98,0.2154184800
4,99,0.2156660700
4,100,0.2159136600
5,0,0.2161612500
5,1,0.2164088400
5,2,0.2166564300
5,3,0.2169040200
5,4,0.2171516100
5,5,0.3288147000
5,6,0.3290622900
5,7,0.3293098800
5,8,0.3295574700
5,9,0.3298050600
5,10,0.3300526500
5,11,0.3303002400
5,12,0.3305478300
5,13,0.3307954200
5,14,0.3310430100
5,15,0.3312906000
5,16,0.3315381900
5,17,0.3317857800
5,18,0.3320333700
5,19,0.3322809600
5,20,0.3325285500
5,21,0.3327761400
5,22,0.3330237300
5,23,0.3332713200
5,24,0.3335189100
5,25,0.3337665000
5,26,0.3340140900
5,27,0.3342616800
5,28,0.3345092700
5,29,0.3347568600
5,30,0.3350044500
5,31,0.3352520400
5,32,0.3354996300
5,33,0.3357472200
5,34,0.3359948100
5,35,0.3362424000
5,36,0.3364899900
5,37,0.3367375800
5,38,0.3369851700
5,39,0.3372327600
5,40,0.3374803500
5,41,0.3377279400
5,42,0.3379755300
5,43,0.3382231200
5,44,0.3384707100
5,45,0.3387183000
5,46,0.3389658900
5,47,0.3392134800
5,48,0.3394610700
5,49,0.3397086600
5,50,0.3399562500
5,51,0.3402038400
5,52,0.3404514300
5,53,0.3406990200
5,54,0.3409466100
5,55,0.3411942000
5,56,0.3414417900
5,57,0.3416893800
5,58,0.3419369700
5,59,0.3421845600
5,60,0.3424321500
5,61,0.3426797400
5,62,0.3429273300
5,63,0.3431749200
5,64,0.3434225100
5,65,0.3436701000
5,66,0.3439176900
5,67,0.3441652800
5,68,0.3444128700
5,69,0.3446604600
5,70,0.3449080500
5,71,0.3451556400
5,72,0.3454032300
5,73,0.3456508200
5,74,0.3458984100
5,75,0.3461460000
5,76,0.3463935900
5,77,0.3466411800
5,78,0.3468887700
5,79,0.3471363600
5,80,0.3473839500
5,81,0.3476315400
5,82,0.3478791300
5,83,0.3481267200
5,84,0.3483743100
5,85,0.3486219000
5,86,0.3488694900
5,87,0.3491170800
5,88,0.3493646700
5,89,0.3496122600
5,90,0.3498598500
5,91,0.3501074400
5,92,0.3503550300
5,93,0.3506026200
5,94,0.3508502100
5,95,0.2173992000
5,96,0.2176467900
5,97,0.2178943800
5,98,0.2181419700
5,99,0.2183895600
5,100,0.2186371500
6,0,0.2188847400
6,1,0.2191323300
6,2,0.2193799200
6,3,0.2196275100
6,4,0.3535737000
6,5,0.3538212900
6,6,0.3540688800
6,7,0.3543164700
6,8,0.3545640600
6,9,0.3548116500
6,10,0.3550592400
6,11,0.3553068300
6,12,0.3555544200
6,13,0.3558020100
6,14,0.3560496000
6,15,0.3562971900
6,16,0.3565447800
6,17,0.3567923700
6,18,0.3570399600
6,19,0.3572875500
6,20,0.3575351400
6,21,0.3577827300
6,22,0.3580303200
6,23,0.3582779100
6,24,0.3585255000
6,25,0.3587730900
6,26,0.3590206800
6,27,0.3592682700
6,28,0.3595158600
6,29,0.3597634500
6,30,0.3600110400
6,31,0.3602586300
6,32,0.3605062200
6,33,0.3607538100
6,34,0.3610014000
6,35,0.3612489900
6,36,0.3614965800
6,37,0.3617441700
6,38,0.3619917600
6,39,0.3622393500
6,40,0.3624869400
6,41,0.3627345300
6,42,0.3629821200
6,43,0.3632297100
6,44,0.3634773000
6,45,0.3637248900
6,46,0.3639724800
6,47,0.3642200700
6,48,0.3644676600
6,49,0.3647152500
6,50,0.3649628400
6,51,0.3652104300
6,52,0.3654580200
6,53,0.3657056100
6,54,0.3659532000
6,55,0.3662007900
6,56,0.3664483800
6,57,0.3666959700
6,58,0.3669435600
6,59,0.3671911500
6,60,0.3674387400
6,61,0.3676863300
6,62,0.3679339200
6,63,0.3681815100
6,64,0.3684291000
6,65,0.3686766900
6,66,0.3689242800
6,67,0.3691718700
6,68,0.3694194600
6,69,0.3696670500
6,70,0.3699146400
6,71,0.3701622300
6,72,0.3704098200
6,73,0.3706574100
6,74,0.3709050000
6,75,0.3711525900
6,76,0.3714001800
6,77,0.3716477700
6,78,0.3718953600
6,79,0.3721429500
6,80,0.3723905400
6,81,0.3726381300
6,82,0.3728857200
6,83,0.3731333100
6,84,0.3733809000
6,85,0.3736284900
6,86,0.3738760800
6,87,0.3741236700
6,88,0.3743712600
6,89,0.3746188500
6,90,0.3748664400
6,91,0.3751140300
6,92,0.3753616200
6,93,0.3756092100
6,94,0.2198751000
6,95,0.2201226900
6,96,0.2203702800
6,97,0.2206178700
6,98,0.2208654600
6,99,0.2211130500
6,100,0.2213606400
7,0,0.2216082300
7,1,0.2218558200
7,2,0.2221034100
7,3,0.3783327000
7,4,0.3785802900
7,5,0.3788278800
7,6,0.3790754700
7,7,0.3793230600
7,8,0.3795706500
7,9,0.3798182400
7,10,0.3800658300
7,11,0.3803134200
7,12,0.3805610100
7,13,0.3808086000
7,14,0.3810561900
7,15,0.3813037800
7,16,0.3815513700
7,17,0.3817989600
7,18,0.3820465500
7,19,0.3822941400
7,20,0.3825417300
7,21,0.3827893200
7,22,0.3830369100
7,23,0.3832845000
7,24,0.3835320900
7,25,0.3837796800
7,26,0.3840272700
7,27,0.3842748600
7,28,0.3845224500
7,29,0.3847700400
7,30,0.3850176300
7,31,0.3852652200
7,32,0.3855128100
7,33,0.3857604000
7,34,0.3860079900
7,35,0.3862555800
7,36,0.3865031700
7,37,0.3867507600
7,38,0.3869983500
7,39,0.3872459400
7,40,0.3874935300
7,41,0.3877411200
7,42,0.3879887100
7,43,0.3882363000
7,44,0.3884838900
7,45,0.3887314800
7,46,0.3889790700
7,47,0.3892266600
7,48,0.3894742500
7,49,0.3897218400
7,50,0.3899694300
7,51,0.3902170200
7,52,0.3904646100
7,53,0.3907122000
7,54,0.3909597900
7,55,0.3912073800
7,56,0.3914549700
7,57,0.3917025600
7,58,0.3919501500
7,59,0.3921977400
7,60,0.3924453300
7,61,0.3926929200
7,62,0.3929405100
7,63,0.3931881000
7,64,0.3934356900
7,65,0.3936832800
7,66,0.3939308700
7,67,0.3941784600
7,68,0.3944260500
7,69,0.3946736400
7,70,0.3949212300
7,71,0.3951688200
7,72,0.3954164100
7,73,0.3956640000
7,74,0.3959115900
7,75,0.3961591800
7,76,0.3964067700
7,77,0.3966543600
7,78,0.3969019500
7,79,0.3971495400
7,80,0.3973971300
7,81,0.3976447200
7,82,0.3978923100
7,83,0.3981399000
7,84,0.3983874900
7,85,0.3986350800
7,86,0.3988826700
7,87,0.3991302600
7,88,0.3993778500
7,89,0.3996254400
7,90,0.3998730300
7,91,0.4001206200
7,92,0.4003682100
7,93,0.2223510000
7,94,0.2225985900
7,95,0.2228461800
7,96,0.2230937700
7,97,0.2233413600
7,98,0.2235889500
7,99,0.2238365400
7,100,0.2240841300
8,0,0.2243317200
8,1,0.2245793100
8,2,0.4030917000
8,3,0.4033392900
8,4,0.4035868800
8,5,0.4038344700
8,6,0.4040820600
8,7,0.4043296500
8,8,0.4045772400
8,9,0.4048248300
8,10,0.4050724200
8,11,0.4053200100
8,12,0.4055676000
8,13,0.4058151900
8,14,0.4060627800
8,15,0.4063103700
8,16,0.4065579600
8,17,0.4068055500
8,18,0.4070531400
8,19,0.4073007300
8,20,0.4075483200
8,21,0.4077959100
8,22,0.4080435000
8,23,0.4082910900
8,24,0.4085386800
8,25,0.4087862700
8,26,0.4090338600
8,27,0.4092814500
8,28,0.4095290400
8,29,0.4097766300
8,30,0.4100242200
8,31,0.4102718100
8,32,0.4105194000
8,33,0.4107669900
8,34,0.4110145800
8,35,0.4112621700
8,36,0.4115097600
8,37,0.4117573500
8,38,0.4120049400
8,39,0.4122525300
8,40,0.4125001200
8,41,0.4127477100
8,42,0.4129953000
8,43,0.4132428900
8,44,0.4134904800
8,45,0.4137380700
8,46,0.4139856600
8,47,0.4142332500
8,48,0.4144808400
8,49,0.4147284300
8,50,0.4149760200
8,51,0.4152236100
8,52,0.4154712000
8,53,0.4157187900
8,54,0.4159663800
8,55,0.4162139700
8,56,0.4164615600
8,57,0.4167091500
8,58,0.4169567400
8,59,0.4172043300
8,60,0.4174519200
8,61,0.4176995100
8,62,0.4179471000
8,63,0.4181946900
8,64,0.4184422800
8,65,0.4186898700
8,66,0.4189374600
8,67,0.4191850500
8,68,0.4194326400
8,69,0.4196802300
8,70,0.4199278200
8,71,0.4201754100
8,72,0.4204230000
8,73,0.4206705900
8,74,0.4209181800
8,75,0.4211657700
8,76,0.4214133600
8,77,0.4216609500
8,78,0.4219085400
8,79,0.4221561300
8,80,0.4224037200
8,81,0.4226513100
8,82,0.4228989000
8,83,0.4231464900
8,84,0.4233940800
8,85,0.4236416700
8,86,0.4238892600
8,87,0.4241368500
8,88,0.4243844400
8,89,0.4246320300
8,90,0.4248796200
8,91,0.4251272100
8,92,0.2248269000
8,93,0.2250744900
8,94,0.2253220800
8,95,0.2255696700
8,96,0.2258172600
8,97,0.2260648500
8,98,0.2263124400
8,99,0.2265600300
8,100,0.2268076200
9,0,0.2270552100
9,1,0.4278507000
9,2,0.4280982900
9,3,0.4283458800
9,4,0.4285934700
9,5,0.4288410600
9,6,0.4290886500
9,7,0.4293362400
9,8,0.4295838300
9,9,0.4298314200
9,10,0.4300790100
9,11,0.4303266000
9,12,0.4305741900
9,13,0.4308217800
9,14,0.4310693700
9,15,0.4313169600
9,16,0.4315645500
9,17,0.4318121400
9,18,0.4320597300
9,19,0.4323073200
9,20,0.4325549100
9,21,0.4328025000
9,22,0.4330500900
9,23,0.4332976800
9,24,0.4335452700
9,25,0.4337928600
9,26,0.4340404500
9,27,0.4342880400
9,28,0.4345356300
9,29,0.4347832200
9,30,0.4350308100
9,31,0.4352784000
9,32,0.4355259900
9,33,0.4357735800
9,34,0.4360211700
9,35,0.4362687600
9,36,0.4365163500
9,37,0.4367639400
9,38,0.4370115300
9,39,0.4372591200
9,40,0.4375067100
9,41,0.4377543000
9,42,0.4380018900
9,43,0.4382494800
9,44,0.4384970700
9,45,0.4387446600
9,46,0.4389922500
9,47,0.4392398400
9,48,0.4394874300
9,49,0.4397350200
9,50,0.4399826100
9,51,0.4402302000
9,52,0.4404777900
9,53,0.4407253800
9,54,0.4409729700
9,55,0.4412205600
9,56,0.4414681500
9,57,0.4417157400
9,58,0.4419633300
9,59,0.4422109200
9,60,0.4424585100
9,61,0.4427061000
9,62,0.4429536900
9,63,0.4432012800
9,64,0.4434488700
9,65,0.4436964600
9,66,0.4439440500
9,67,0.4441916400
9,68,0.4444392300
9,69,0.4446868200
9,70,0.4449344100
9,71,0.4451820000
9,72,0.4454295900
9,73,0.4456771800
9,74,0.4459247700
9,75,0.4461723600
9,76,0.4464199500
9,77,0.4466675400
9,78,0.4469151300
9,79,0.4471627200
9,80,0.4474103100
9,81,0.4476579000
9,82,0.4479054900
9,83,0.4481530800
9,84,0.4484006700
9,85,0.4486482600
9,86,0.4488958500
9,87,0.4491434400
9,88,0.4493910300
9,89,0.4496386200
9,90,0.4498862100
9,91,0.2273028000
9,92,0.2275503900
9,93,0.2277979800
9,94,0.2280455700
9,95,0.2282931600
9,96,0.2285407500
9,97,0.2287883400
9,98,0.2290359300
9,99,0.2292835200
9,100,0.2295311100
10,0,0.4526097000
10,1,0.4528572900
10,2,0.4531048800
10,3,0.4533524700
10,4,0.4536000600
10,5,0.4538476500
10,6,0.4540952400
10,7,0.4543428300
10,8,0.4545904200
10,9,0.4548380100
10,10,0.4550856000
10,11,0.4553331900
10,12,0.4555807800
10,13,0.4558283700
10,14,0.4560759600
10,15,0.4563235500
10,16,0.4565711400
10,17,0.4568187300
10,18,0.4570663200
10,19,0.4573139100
10,20,0.4575615000
10,21,0.4578090900
10,22,0.4580566800
10,23,0.4583042700
10,24,0.4585518600
10,25,0.4587994500
10,26,0.4590470400
10,27,0.4592946300
10,28,0.4595422200
10,29,0.4597898100
10,30,0.4600374000
10,31,0.4602849900
10,32,0.4605325800
10,33,0.4607801700
10,34,0.4610277600
10,35,0.4612753500
10,36,0.4615229400
10,37,0.4617705300
10,38,0.4620181200
10,39,0.4622657100
10,40,0.4625133000
10,41,0.4627608900
10,42,0.4630084800
10,43,0.4632560700
10,44,0.4635036600
10,45,0.4637512500
10,46,0.4639988400
10,47,0.4642464300
10,48,0.4644940200
10,49,0.4647416100
10,50,0.4649892000
10,51,0.4652367900
10,52,0.4654843800
10,53,0.4657319700
10,54,0.4659795600
10,55,0.4662271500
10,56,0.4664747400
10,57,0.4667223300
10,58,0.4669699200
10,59,0.4672175100
10,60,0.4674651000
10,61,0.4677126900
10,62,0.4679602800
10,63,0.4682078700
10,64,0.4684554600
10,65,0.4687030500
10,66,0.4689506400
10,67,0.4691982300
10,68,0.4694458200
10,69,0.4696934100
10,70,0.4699410000
10,71,0.4701885900
10,72,0.4704361800
10,73,0.4706837700
10,74,0.4709313600
10,75,0.4711789500
10,76,0.4714265400
10,77,0.4716741300
10,78,0.4719217200
10,79,0.4721693100
10,80,0.4724169000
10,81,0.4726644900
10,82,0.4729120800
10,83,0.4731596700
10,84,0.4734072600
10,85,0.4736548500
10,86,0.4739024400
10,87,0.4741500300
10,88,0.4743976200
10,89,0.4746452100
10,90,0.2297787000
10,91,0.2300262900
10,92,0.2302738800
10,93,0.2305214700
10,94,0.2307690600
10,95,0.2310166500
10,96,0.2312642400
10,97,0.2315118300
10,98,0.2317594200
10,99,0.2320070100
10,100,0.4773687000
11,0,0.4776162900
11,1,0.4778638800
11,2,0.4781114700
11,3,0.4783590600
11,4,0.4786066500
11,5,0.4788542400
11,6,0.4791018300
11,7,0.4793494200
11,8,0.4795970100
11,9,0.4798446000
11,10,0.4800921900
11,11,0.4803397800
11,12,0.4805873700
11,13,0.4808349600
11,14,0.4810825500
11,15,0.4813301400
11,16,0.4815777300
11,17,0.4818253200
11,18,0.4820729100
11,19,0.4823205000
11,20,0.4825680900
11,21,0.4828156800
11,22,0.4830632700
11,23,0.4833108600
11,24,0.4835584500
11,25,0.4838060400
11,26,0.4840536300
11,27,0.4843012200
11,28,0.4845488100
11,29,0.4847964000
11,30,0.4850439900
11,31,0.4852915800
11,32,0.4855391700
11,33,0.4857867600
11,34,0.4860343500
11,35,0.4862819400
11,36,0.4865295300
11,37,0.4867771200
11,38,0.4870247100
11,39,0.4872723000
11,40,0.4875198900
11,41,0.4877674800
11,42,0.4880150700
11,43,0.4882626600
11,44,0.4885102500
11,45,0.4887578400
11,46,0.4890054300
11,47,0.4892530200
11,48,0.4895006100
11,49,0.4897482000
11,50,0.4899957900
11,51,0.4902433800
11,52,0.4904909700
11,53,0.4907385600
11,54,0.4909861500
11,55,0.4912337400
11,56,0.4914813300
11,57,0.4917289200
11,58,0.4919765100
11,59,0.4922241000
11,60,0.4924716900
11,61,0.4927192800
11,62,0.4929668700
11,63,0.4932144600
11,64,0.4934620500
11,65,0.4937096400
11,66,0.4939572300
11,67,0.4942048200
11,68,0.4944524100
11,69,0.4947000000
11,70,0.4949475900
11,71,0.4951951800
11,72,0.4954427700
11,73,0.4956903600
11,74,0.4959379500
11,75,0.4961855400
11,76,0.4964331300
11,77,0.4966807200
11,78,0.4969283100
11,79,0.4971759000
11,80,0.4974234900
11,81,0.4976710800
11,82,0.4979186700
11,83,0.4981662600
11,84,0.4984138500
11,85,0.4986614400
11,86,0.4989090300
11,87,0.4991566200
11,88,0.4994042100
11,89,0.2322546000
11,90,0.2325021900
11,91,0.2327497800
11,92,0.2329973700
11,93,0.2332449600
11,94,0.2334925500
11,95,0.2337401400
11,96,0.2339877300
11,97,0.2342353200
11,98,0.2344829100
11,99,0.5021277000
11,100,0.5023752900
12,0,0.5026228800
12,1,0.5028704700
12,2,0.5031180600
12,3,0.5033656500
12,4,0.5036132400
12,5,0.5038608300
12,6,0.5041084200
12,7,0.5043560100
12,8,0.5046036000
12,9,0.5048511900
12,10,0.5050987800
12,11,0.5053463700
12,12,0.5055939600
12,13,0.5058415500
12,14,0.5060891400
12,15,0.5063367300
12,16,0.5065843200
12,17,0.5068319100
12,18,0.5070795000
12,19,0.5073270900
12,20,0.5075746800
12,21,0.5078222700
12,22,0.5080698600
12,23,0.5083174500
12,24,0.5085650400
12,25,0.5088126300
12,26,0.5090602200
12,27,0.5093078100
12,28,0.5095554000
12,29,0.5098029900
12,30,0.5100505800
12,31,0.5102981700
12,32,0.5105457600
12,33,0.5107933500
12,34,0.5110409400
12,35,0.5112885300
12,36,0.5115361200
12,37,0.5117837100
12,38,0.5120313000
12,39,0.5122788900
12,40,0.5125264800
12,41,0.5127740700
12,42,0.5130216600
12,43,0.5132692500
12,44,0.5135168400
12,45,0.5137644300
12,46,0.5140120200
12,47,0.5142596100
12,48,0.5145072000
12,49,0.5147547900
12,50,0.5150023800
12,51,0.5152499700
12,52,0.5154975600
12,53,0.5157451500
12,54,0.5159927400
12,55,0.5162403300
12,56,0.5164879200
12,57,0.5167355100
12,58,0.5169831000
12,59,0.5172306900
12,60,0.5174782800
12,61,0.5177258700
12,62,0.5179734600
12,63,0.5182210500
12,64,0.5184686400
12,65,0.5187162300
12,66,0.5189638200
12,67,0.5192114100
12,68,0.5194590000
12,69,0.5197065900
12,70,0.5199541800
12,71,0.5202017700
12,72,0.5204493600
12,73,0.5206969500
12,74,0.5209445400
12,75,0.5211921300
12,76,0.5214397200
12,77,0.5216873100
12,78,0.5219349000
12,79,0.5221824900
12,80,0.5224300800
12,81,0.5226776700
12,82,0.5229252600
12,83,0.5231728500
12,84,0.5234204400
12,85,0.5236680300
12,86,0.5239156200
12,87,0.5241632100
12,88,0.2347305000
12,89,0.2349780900
12,90,0.2352256800
12,91,0.2354732700
12,92,0.2357208600
12,93,0.2359684500
12,94,0.2362160400
12,95,0.2364636300
12,96,0.2367112200
12,97,0.2369588100
12,98,0.5268867000
12,99,0.5271342900
12,100,0.5273818800
13,0,0.5276294700
13,1,0.5278770600
13,2,0.5281246500
13,3,0.5283722400
13,4,0.5286198300
13,5,0.5288674200
13,6,0.5291150100
13,7,0.5293626000
13,8,0.5296101900
13,9,0.5298577800
13,10,0.5301053700
13,11,0.5303529600
13,12,0.5306005500
13,13,0.5308481400
13,14,0.5310957300
13,15,0.5313433200
13,16,0.5315909100
13,17,0.5318385000
13,18,0.5320860900
13,19,0.5323336800
13,20,0.5325812700
13,21,0.5328288600
13,22,0.5330764500
13,23,0.5333240400
13,24,0.5335716300
13,25,0.5338192200
13,26,0.5340668100
13,27,0.5343144000
13,28,0.5345619900
13,29,0.5348095800
13,30,0.5350571700
13,31,0.5353047600
13,32,0.5355523500
13,33,0.5357999400
13,34,0.5360475300
13,35,0.5362951200
13,36,0.5365427100
13,37,0.5367903000
13,38,0.5370378900
13,39,0.5372854800
13,40,0.5375330700
13,41,0.5377806600
13,42,0.5380282500
13,43,0.5382758400
13,44,0.5385234300
13,45,0.5387710200
13,46,0.5390186100
13,47,0.5392662000
13,48,0.5395137900
13,49,0.5397613800
13,50,0.5400089700
13,51,0.5402565600
13,52,0.5405041500
13,53,0.5407517400
13,54,0.5409993300
13,55,0.5412469200
13,56,0.5414945100
13,57,0.5417421000
13,58,0.5419896900
13,59,0.5422372800
13,60,0.5424848700
13,61,0.5427324600
13,62,0.5429800500
13,63,0.5432276400
13,64,0.5434752300
13,65,0.5437228200
13,66,0.5439704100
13,67,0.5442180000
13,68,0.5444655900
13,69,0.5447131800
13,70,0.5449607700
13,71,0.5452083600
13,72,0.5454559500
13,73,0.5457035400
13,74,0.5459511300
13,75,0.5461987200
13,76,0.5464463100
13,77,0.5466939000
13,78,0.5469414900
13,79,0.5471890800
13,80,0.5474366700
13,81,0.5476842600
13,82,0.5479318500
13,83,0.5481794400
13,84,0.5484270300
13,85,0.5486746200
13,86,0.5489222100
13,87,0.2372064000
13,88,0.2374539900
13,89,0.2377015800
13,90,0.2379491700
13,91,0.2381967600
13,92,0.2384443500
13,93,0.2386919400
13,94,0.2389395300
13,95,0.2391871200
13,96,0.2394347100
13,97,0.5516457000
13,98,0.5518932900
13,99,0.5521408800
13,100,0.5523884700
14,0,0.5526360600
14,1,0.5528836500
14,2,0.5531312400
14,3,0.5533788300
14,4,0.5536264200
14,5,0.5538740100
14,6,0.5541216000
14,7,0.5543691900
14,8,0.5546167800
14,9,0.5548643700
14,10,0.5551119600
14,11,0.5553595500
14,12,0.5556071400
14,13,0.5558547300
14,14,0.5561023200
14,15,0.5563499100
14,16,0.5565975000
14,17,0.5568450900
14,18,0.5570926800
14,19,0.5573402700
14,20,0.5575878600
14,21,0.5578354500
14,22,0.5580830400
14,23,0.5583306300
14,24,0.5585782200
14,25,0.5588258100
14,26,0.5590734000
14,27,0.5593209900
14,28,0.5595685800
14,29,0.5598161700
14,30,0.5600637600
14,31,0.5603113500
14,32,0.5605589400
14,33,0.5608065300
14,34,0.5610541200
14,35,0.5613017100
14,36,0.5615493000
14,37,0.5617968900
14,38,0.5620444800
14,39,0.5622920700
14,40,0.5625396600
14,41,0.5627872500
14,42,0.5630348400
14,43,0.5632824300
14,44,0.5635300200
14,45,0.5637776100
14,46,0.5640252000
14,47,0.5642727900
14,48,0.5645203800
14,49,0.5647679700
14,50,0.5650155600
14,51,0.5652631500
14,52,0.5655107400
14,53,0.5657583300
14,54,0.5660059200
14,55,0.5662535100
14,56,0.5665011000
14,57,0.5667486900
14,58,0.5669962800
14,59,0.5672438700
14,60,0.5674914600
14,61,0.5677390500
14,62,0.5679866400
14,63,0.5682342300
14,64,0.5684818200
14,65,0.5687294100
14,66,0.5689770000
14,67,0.5692245900
14,68,0.5694721800
14,69,0.5697197700
14,70,0.5699673600
14,71,0.5702149500
14,72,0.5704625400
14,73,0.5707101300
14,74,0.5709577200
14,75,0.5712053100
14,76,0.5714529000
14,77,0.5717004900
14,78,0.5719480800
14,79,0.5721956700
14,80,0.5724432600
14,81,0.5726908500
14,82,0.5729384400
14,83,0.5731860300
14,84,0.5734336200
14,85,0.5736812100
14,86,0.2396823000
14,87,0.2399298900
14,88,0.2401774800
14,89,0.2404250700
14,90,0.2406726600
14,91,0.2409202500
14,92,0.2411678400
14,93,0.2414154300
14,94,0.2416630200
14,95,0.2419106100
14,96,0.5764047000
14,97,0.5766522900
14,98,0.5768998800
14,99,0.5771474700
14,100,0.5773950600
15,0,0.5776426500
15,1,0.5778902400
15,2,0.5781378300
15,3,0.5783854200
15,4,0.5786330100
15,5,0.5788806000
15,6,0.5791281900
15,7,0.5793757800
15,8,0.5796233700
15,9,0.5798709600
15,10,0.5801185500
15,11,0.5803661400
15,12,0.5806137300
15,13,0.5808613200
15,14,0.5811089100
15,15,0.5813565000
15,16,0.5816040900
15,17,0.5818516800
15,18,0.5820992700
15,19,0.5823468600
15,20,0.5825944500
15,21,0.5828420400
15,22,0.5830896300
15,23,0.5833372200
15,24,0.5835848100
15,25,0.5838324000
15,26,0.5840799900
15,27,0.5843275800
15,28,0.5845751700
15,29,0.5848227600
15,30,0.5850703500
15,31,0.5853179400
15,32,0.5855655300
15,33,0.5858131200
15,34,0.5860607100
15,35,0.5863083000
15,36,0.5865558900
15,37,0.5868034800
15,38,0.5870510700
15,39,0.5872986600
15,40,0.5875462500
15,41,0.5877938400
15,42,0.5880414300
15,43,0.5882890200
15,44,0.5885366100
15,45,0.5887842000
15,46,0.5890317900
15,47,0.5892793800
15,48,0.5895269700
15,49,0.5897745600
15,50,0.5900221500
15,51,0.5902697400
15,52,0.5905173300
15,53,0.5907649200
15,54,0.5910125100
15,55,0.5912601000
15,56,0.5915076900
15,57,0.5917552800
15,58,0.5920028700
15,59,0.5922504600
15,60,0.5924980500
15,61,0.5927456400
15,62,0.5929932300
15,63,0.5932408200
15,64,0.5934884100
15,65,0.5937360000
15,66,0.5939835900
15,67,0.5942311800
15,68,0.5944787700
15,69,0.5947263600
15,70,0.5949739500
15,71,0.5952215400
15,72,0.5954691300
15,73,0.5957167200
15,74,0.5959643100
15,75,0.5962119000
15,76,0.5964594900
15,77,0.5967070800
15,78,0.5969546700
15,79,0.5972022600
15,80,0.5974498500
15,81,0.5976974400
15,82,0.5979450300
15,83,0.5981926200
15,84,0.5984402100
15,85,0.2421582000
15,86,0.2424057900
15,87,0.2426533800
15,88,0.2429009700
15,89,0.2431485600
15,90,0.2433961500
15,91,0.2436437400
15,92,0.2438913300
15,93,0.2441389200
15,94,0.2443865100
15,95,0.6011637000
15,96,0.6014112900
15,97,0.6016588800
15,98,0.6019064700
15,99,0.6021540600
15,100,0.6024016500
16,0,0.6026492400
16,1,0.6028968300
16,2,0.6031444200
16,3,0.6033920100
16,4,0.6036396000
16,5,0.6038871900
16,6,0.6041347800
16,7,0.6043823700
16,8,0.6046299600
16,9,0.6048775500
16,10,0.6051251400
16,11,0.6053727300
16,12,0.6056203200
16,13,0.6058679100
16,14,0.6061155000
16,15,0.6063630900
16,16,0.6066106800
16,17,0.6068582700
16,18,0.6071058600
16,19,0.6073534500
16,20,0.6076010400
16,21,0.6078486300
16,22,0.6080962200
16,23,0.6083438100
16,24,0.6085914000
16,25,0.6088389900
16,26,0.6090865800
16,27,0.6093341700
16,28,0.6095817600
16,29,0.6098293500
16,30,0.6100769400
16,31,0.6103245300
16,32,0.6105721200
16,33,0.6108197100
16,34,0.6110673000
16,35,0.6113148900
16,36,0.6115624800
16,37,0.6118100700
16,38,0.6120576600
16,39,0.6123052500
16,40,0.6125528400
16,41,0.6128004300
16,42,0.6130480200
16,43,0.6132956100
16,44,0.6135432000
16,45,0.6137907900
16,46,0.6140383800
16,47,0.6142859700
16,48,0.6145335600
16,49,0.6147811500
16,50,0.6150287400
16,51,0.6152763300
16,52,0.6155239200
16,53,0.6157715100
16,54,0.6160191000
16,55,0.6162666900
16,56,0.6165142800
16,57,0.6167618700
16,58,0.6170094600
16,59,0.6172570500
16,60,0.6175046400
16,61,0.6177522300
16,62,0.6179998200
16,63,0.6182474100
16,64,0.6184950000
16,65,0.6187425900
16,66,0.6189901800
16,67,0.6192377700
16,68,0.6194853600
16,69,0.6197329500
16,70,0.6199805400
16,71,0.6202281300
16,72,0.6204757200
16,73,0.6207233100
16,74,0.6209709000
16,75,0.6212184900
16,76,0.6214660800
16,77,0.6217136700
16,78,0.6219612600
16,79,0.6222088500
16,80,0.6224564400
16,81,0.6227040300
16,82,0.6229516200
16,83,0.6231992100
16,84,0.2446341000
16,85,0.2448816900
16,86,0.2451292800
16,87,0.2453768700
16,88,0.2456244600
16,89,0.2458720500
16,90,0.2461196400
16,91,0.2463672300
16,92,0.2466148200
16,93,0.2468624100
16,94,0.6259227000
16,95,0.6261702900
16,96,0.6264178800
16,97,0.6266654700
16,98,0.6269130600
16,99,0.6271606500
16,100,0.6274082400
17,0,0.6276558300
17,1,0.6279034200
17,2,0.6281510100
17,3,0.6283986000
17,4,0.6286461900
17,5,0.6288937800
17,6,0.6291413700
17,7,0.6293889600
17,8,0.6296365500
17,9,0.6298841400
17,10,0.6301317300
17,11,0.6303793200
17,12,0.6306269100
17,13,0.6308745000
17,14,0.6311220900
17,15,0.6313696800
17,16,0.6316172700
17,17,0.6318648600
17,18,0.6321124500
17,19,0.6323600400
17,20,0.6326076300
17,21,0.6328552200
17,22,0.6331028100
17,23,0.6333504000
17,24,0.6335979900
17,25,0.6338455800
17,26,0.6340931700
17,27,0.6343407600
17,28,0.6345883500
17,29,0.6348359400
17,30,0.6350835300
17,31,0.6353311200
17,32,0.6355787100
17,33,0.6358263000
17,34,0.6360738900
17,35,0.6363214800
17,36,0.6365690700
17,37,0.6368166600
17,38,0.6370642500
17,39,0.6373118400
17,40,0.6375594300
17,41,0.6378070200
17,42,0.6380546100
17,43,0.6383022000
17,44,0.6385497900
17,45,0.6387973800
17,46,0.6390449700
17,47,0.6392925600
17,48,0.6395401500
17,49,0.6397877400
17,50,0.6400353300
17,51,0.6402829200
17,52,0.6405305100
17,53,0.6407781000
17,54,0.6410256900
17,55,0.6412732800
17,56,0.6415208700
17,57,0.6417684600
17,58,0.6420160500
17,59,0.6422636400
17,60,0.6425112300
17,61,0.6427588200
17,62,0.6430064100
17,63,0.6432540000
17,64,0.6435015900
17,65,0.6437491800
17,66,0.6439967700
17,67,0.6442443600
17,68,0.6444919500
17,69,0.6447395400
17,70,0.6449871300
17,71,0.6452347200
17,72,0.6454823100
17,73,0.6457299000
17,74,0.6459774900
17,75,0.6462250800
17,76,0.6464726700
17,77,0.6467202600
17,78,0.6469678500
17,79,0.6472154400
17,80,0.6474630300
17,81,0.6477106200
17,82,0.6479582100
17,83,0.2471100000
17,84,0.2473575900
17,85,0.2476051800
17,86,0.2478527700
17,87,0.2481003600
17,88,0.2483479500
17,89,0.2485955400
17,90,0.2488431300
17,91,0.2490907200
17,92,0.2493383100
17,93,0.6506817000
17,94,0.6509292900
17,95,0.6511768800
17,96,0.6514244700
17,97,0.6516720600
17,98,0.6519196500
17,99,0.6521672400
17,100,0.6524148300
18,0,0.6526624200
18,1,0.6529100100
18,2,0.6531576000
18,3,0.6534051900
18,4,0.6536527800
18,5,0.6539003700
18,6,0.6541479600
18,7,0.6543955500
18,8,0.6546431400
18,9,0.6548907300
18,10,0.6551383200
18,11,0.6553859100
18,12,0.6556335000
18,13,0.6558810900
18,14,0.6561286800
18,15,0.6563762700
18,16,0.6566238600
18,17,0.6568714500
18,18,0.6571190400
18,19,0.6573666300
18,20,0.6576142200
18,21,0.6578618100
18,22,0.6581094000
18,23,0.6583569900
18,24,0.6586045800
18,25,0.6588521700
18,26,0.6590997600
18,27,0.6593473500
18,28,0.6595949400
18,29,0.6598425300
18,30,0.6600901200
18,31,0.6603377100
18,32,0.6605853000
18,33,0.6608328900
18,34,0.6610804800
18,35,0.6613280700
18,36,0.6615756600
18,37,0.6618232500
18,38,0.6620708400
18,39,0.6623184300
18,40,0.6625660200
18,41,0.6628136100
18,42,0.6630612000
18,43,0.6633087900
18,44,0.6635563800
18,45,0.6638039700
18,46,0.6640515600
18,47,0.6642991500
18,48,0.6645467400
18,49,0.6647943300
18,50,0.6650419200
18,51,0.6652895100
18,52,0.6655371000
18,53,0.6657846900
18,54,0.6660322800
18,55,0.6662798700
18,56,0.6665274600
18,57,0.6667750500
18,58,0.6670226400
18,59,0.6672702300
18,60,0.6675178200
18,61,0.6677654100
18,62,0.6680130000
18,63,0.6682605900
18,64,0.6685081800
18,65,0.6687557700
18,66,0.6690033600
18,67,0.6692509500
18,68,0.6694985400
18,69,0.6697461300
18,70,0.6699937200
18,71,0.6702413100
18,72,0.6704889000
18,73,0.6707364900
18,74,0.6709840800
18,75,0.6712316700
18,76,0.6714792600
18,77,0.6717268500
18,78,0.6719744400
18,79,0.6722220300
18,80,0.6724696200
18,81,0.6727172100
18,82,0.2495859000
18,83,0.2498334900
18,84,0.2500810800
18,85,0.2503286700
18,86,0.2505762600
18,87,0.2508238500
18,88,0.2510714400
18,89,0.2513190300
18,90,0.2515666200
18,91,0.2518142100
18,92,0.6754407000
18,93,0.6756882900
18,94,0.6759358800
18,95,0.6761834700
18,96,0.6764310600
18,97,0.6766786500
18,98,0.6769262400
18,99,0.6771738300
18,100,0.6774214200
19,0,0.6776690100
19,1,0.6779166000
19,2,0.6781641900
19,3,0.6784117800
19,4,0.6786593700
19,5,0.6789069600
19,6,0.6791545500
19,7,0.6794021400
19,8,0.6796497300
19,9,0.6798973200
19,10,0.6801449100
19,11,0.6803925000
19,12,0.6806400900
19,13,0.6808876800
19,14,0.6811352700
19,15,0.6813828600
19,16,0.6816304500
19,17,0.6818780400
19,18,0.6821256300
19,19,0.6823732200
19,20,0.6826208100
19,21,0.6828684000
19,22,0.6831159900
19,23,0.6833635800
19,24,0.6836111700
19,25,0.6838587600
19,26,0.6841063500
19,27,0.6843539400
19,28,0.6846015300
19,29,0.6848491200
19,30,0.6850967100
19,31,0.6853443000
19,32,0.6855918900
19,33,0.6858394800
19,34,0.6860870700
19,35,0.6863346600
19,36,0.6865822500
19,37,0.6868298400
19,38,0.6870774300
19,39,0.6873250200
19,40,0.6875726100
19,41,0.6878202000
19,42,0.6880677900
19,43,0.6883153800
19,44,0.6885629700
19,45,0.6888105600
19,46,0.6890581500
19,47,0.6893057400
19,48,0.6895533300
19,49,0.6898009200
19,50,0.6900485100
19,51,0.6902961000
19,52,0.6905436900
19,53,0.6907912800
19,54,0.6910388700
19,55,0.6912864600
19,56,0.6915340500
19,57,0.6917816400
19,58,0.6920292300
19,59,0.6922768200
19,60,0.6925244100
19,61,0.6927720000
19,62,0.6930195900
19,63,0.6932671800
19,64,0.6935147700
19,65,0.6937623600
19,66,0.6940099500
19,67,0.6942575400
19,68,0.6945051300
19,69,0.6947527200
19,70,0.6950003100
19,71,0.6952479000
19,72,0.6954954900
19,73,0.6957430800
19,74,0.6959906700
19,75,0.6962382600
19,76,0.6964858500
19,77,0.6967334400
19,78,0.6969810300
19,79,0.6972286200
19,80,0.6974762100
19,81,0.2520618000
19,82,0.2523093900
19,83,0.2525569800
19,84,0.2528045700
19,85,0.2530521600
19,86,0.2532997500
19,87,0.2535473400
19,88,0.2537949300
19,89,0.2540425200
19,90,0.2542901100
19,91,0.7001997000
19,92,0.7004472900
19,93,0.7006948800
19,94,0.7009424700
19,95,0.7011900600
19,96,0.7014376500
19,97,0.7016852400
19,98,0.7019328300
19,99,0.7021804200
19,100,0.7024280100
20,0,0.7026756000
20,1,0.7029231900
20,2,0.7031707800
20,3,0.7034183700
20,4,0.7036659600
20,5,0.7039135500
20,6,0.7041611400
20,7,0.7044087300
20,8,0.7046563200
20,9,0.7049039100
20,10,0.7051515000
20,11,0.7053990900
20,12,0.7056466800
20,13,0.7058942700
20,14,0.7061418600
20,15,0.7063894500
20,16,0.7066370400
20,17,0.7068846300
20,18,0.7071322200
20,19,0.7073798100
20,20,0.7076274000
20,21,0.7078749900
20,22,0.7081225800
20,23,0.7083701700
20,24,0.7086177600
20,25,0.7088653500
20,26,0.7091129400
20,27,0.7093605300
20,28,0.7096081200
20,29,0.7098557100
20,30,0.7101033000
20,31,0.7103508900
20,32,0.7105984800
20,33,0.7108460700
20,34,0.7110936600
20,35,0.7113412500
20,36,0.7115888400
20,37,0.7118364300
20,38,0.7120840200
20,39,0.7123316100
20,40,0.7125792000
20,41,0.7128267900
20,42,0.7130743800
20,43,0.7133219700
20,44,0.7135695600
20,45,0.7138171500
20,46,0.7140647400
20,47,0.7143123300
20,48,0.7145599200
20,49,0.7148075100
20,50,0.7150551000
20,51,0.7153026900
20,52,0.7155502800
20,53,0.7157978700
20,54,0.7160454600
20,55,0.7162930500
20,56,0.7165406400
20,57,0.7167882300
20,58,0.7170358200
20,59,0.7172834100
20,60,0.7175310000
20,61,0.7177785900
20,62,0.7180261800
20,63,0.7182737700
20,64,0.7185213600
20,65,0.7187689500
20,66,0.7190165400
20,67,0.7192641300
20,68,0.7195117200
20,69,0.7197593100
20,70,0.7200069000
20,71,0.7202544900
20,72,0.7205020800
20,73,0.7207496700
20,74,0.7209972600
20,75,0.7212448500
20,76,0.7214924400
20,77,0.7217400300
20,78,0.7219876200
20,79,0.7222352100
20,80,0.2545377000
20,81,0.2547852900
20,82,0.2550328800
20,83,0.2552804700
20,84,0.2555280600
20,85,0.2557756500
20,86,0.2560232400
20,87,0.2562708300
20,88,0.2565184200
20,89,0.2567660100
20,90,0.7249587000
20,91,0.7252062900
20,92,0.7254538800
20,93,0.7257014700
20,94,0.7259490600
20,95,0.7261966500
20,96,0.7264442400
20,97,0.7266918300
20,98,0.7269394200
20,99,0.7271870100
20,100,0.7274346000
21,0,0.7276821900
21,1,0.7279297800
21,2,0.7281773700
21,3,0.7284249600
21,4,0.7286725500
21,5,0.7289201400
21,6,0.7291677300
21,7,0.7294153200
21,8,0.7296629100
21,9,0.7299105000
21,10,0.7301580900
21,11,0.7304056800
21,12,0.7306532700
21,13,0.7309008600
21,14,0.7311484500
21,15,0.7313960400
21,16,0.7316436300
21,17,0.7318912200
21,18,0.7321388100
21,19,0.7323864000
21,20,0.7326339900
21,21,0.7328815800
21,22,0.7331291700
21,23,0.7333767600
21,24,0.7336243500
21,25,0.7338719400
21,26,0.7341195300
21,27,0.7343671200
21,28,0.7346147100
21,29,0.7348623000
21,30,0.7351098900
21,31,0.7353574800
21,32,0.7356050700
21,33,0.7358526600
21,34,0.7361002500
21,35,0.7363478400
21,36,0.7365954300
21,37,0.7368430200
21,38,0.7370906100
21,39,0.7373382000
21,40,0.7375857900
21,41,0.7378333800
21,42,0.7380809700
21,43,0.7383285600
21,44,0.7385761500
21,45,0.7388237400
21,46,0.7390713300
21,47,0.7393189200
21,48,0.7395665100
21,49,0.7398141000
21,50,0.7400616900
21,51,0.7403092800
21,52,0.7405568700
21,53,0.7408044600
21,54,0.7410520500
21,55,0.7412996400
21,56,0.7415472300
21,57,0.7417948200
21,58,0.7420424100
21,59,0.7422900000
21,60,0.7425375900
21,61,0.7427851800
21,62,0.7430327700
21,63,0.7432803600
21,64,0.7435279500
21,65,0.7437755400
21,66,0.7440231300
21,67,0.7442707200
21,68,0.7445183100
21,69,0.7447659000
21,70,0.7450134900
21,71,0.7452610800
21,72,0.7455086700
21,73,0.7457562600
21,74,0.7460038500
21,75,0.7462514400
21,76,0.7464990300
21,77,0.7467466200
21,78,0.7469942100
21,79,0.2570136000
21,80,0.2572611900
21,81,0.2575087800
21,82,0.2577563700
21,83,0.2580039600
21,84,0.2582515500
21,85,0.2584991400
21,86,0.2587467300
21,87,0.2589943200
21,88,0.2592419100
21,89,0.7497177000
21,90,0.7499652900
21,91,0.7502128800
21,92,0.7504604700
21,93,0.7507080600
21,94,0.7509556500
21,95,0.7512032400
21,96,0.7514508300
21,97,0.7516984200
21,98,0.7519460100
21,99,0.7521936000
21,100,0.7524411900
22,0,0.7526887800
22,1,0.7529363700
22,2,0.7531839600
22,3,0.7534315500
22,4,0.7536791400
22,5,0.7539267300
22,6,0.7541743200
22,7,0.7544219100
22,8,0.7546695000
22,9,0.7549170900
22,10,0.7551646800
22,11,0.7554122700
22,12,0.7556598600
22,13,0.7559074500
22,14,0.7561550400
22,15,0.7564026300
22,16,0.7566502200
22,17,0.7568978100
22,18,0.7571454000
22,19,0.7573929900
22,20,0.7576405800
22,21,0.7578881700
22,22,0.7581357600
22,23,0.7583833500
22,24,0.7586309400
22,25,0.7588785300
22,26,0.7591261200
22,27,0.7593737100
22,28,0.7596213000
22,29,0.7598688900
22,30,0.7601164800
22,31,0.7603640700
22,32,0.7606116600
22,33,0.7608592500
22,34,0.7611068400
22,35,0.7613544300
22,36,0.7616020200
22,37,0.7618496100
22,38,0.7620972000
22,39,0.7623447900
22,40,0.7625923800
22,41,0.7628399700
22,42,0.7630875600
22,43,0.7633351500
22,44,0.7635827400
22,45,0.7638303300
22,46,0.7640779200
22,47,0.7643255100
22,48,0.7645731000
22,49,0.7648206900
22,50,0.7650682800
22,51,0.7653158700
22,52,0.7655634600
22,53,0.7658110500
22,54,0.7660586400
22,55,0.7663062300
22,56,0.7665538200
22,57,0.7668014100
22,58,0.7670490000
22,59,0.7672965900
22,60,0.7675441800
22,61,0.7677917700
22,62,0.7680393600
22,63,0.7682869500
22,64,0.7685345400
22,65,0.7687821300
22,66,0.7690297200
22,67,0.7692773100
22,68,0.7695249000
22,69,0.7697724900
22,70,0.7700200800
22,71,0.7702676700
22,72,0.7705152600
22,73,0.7707628500
22,74,0.7710104400
22,75,0.7712580300
22,76,0.7715056200
22,77,0.7717532100
22,78,0.2594895000
22,79,0.2597370900
22,80,0.2599846800
22,81,0.2602322700
22,82,0.2604798600
22,83,0.2607274500
22,84,0.2609750400
22,85,0.2612226300
22,86,0.2614702200
22,87,0.2617178100
22,88,0.7744767000
22,89,0.7747242900
22,90,0.7749718800
22,91,0.7752194700
22,92,0.7754670600
22,93,0.7757146500
22,94,0.7759622400
22,95,0.7762098300
22,96,0.7764574200
22,97,0.7767050100
22,98,0.7769526000
22,99,0.7772001900
22,100,0.7774477800
23,0,0.7776953700
23,1,0.7779429600
23,2,0.7781905500
23,3,0.7784381400
23,4,0.7786857300
23,5,0.7789333200
23,6,0.7791809100
23,7,0.7794285000
23,8,0.7796760900
23,9,0.7799236800
23,10,0.7801712700
23,11,0.7804188600
23,12,0.7806664500
23,13,0.7809140400
23,14,0.7811616300
23,15,0.7814092200
23,16,0.7816568100
23,17,0.7819044000
23,18,0.7821519900
23,19,0.7823995800
23,20,0.7826471700
23,21,0.7828947600
23,22,0.7831423500
23,23,0.7833899400
23,24,0.7836375300
23,25,0.7838851200
23,26,0.7841327100
23,27,0.7843803000
23,28,0.7846278900
23,29,0.7848754800
23,30,0.7851230700
23,31,0.7853706600
23,32,0.7856182500
23,33,0.7858658400
23,34,0.7861134300
23,35,0.7863610200
23,36,0.7866086100
23,37,0.7868562000
23,38,0.7871037900
23,39,0.7873513800
23,40,0.7875989700
23,41,0.7878465600
23,42,0.7880941500
23,43,0.7883417400
23,44,0.7885893300
23,45,0.7888369200
23,46,0.7890845100
23,47,0.7893321000
23,48,0.7895796900
23,49,0.7898272800
23,50,0.7900748700
23,51,0.7903224600
23,52,0.7905700500
23,53,0.7908176400
23,54,0.7910652300
23,55,0.7913128200
23,56,0.7915604100
23,57,0.7918080000
23,58,0.7920555900
23,59,0.7923031800
23,60,0.7925507700
23,61,0.7927983600
23,62,0.7930459500
23,63,0.7932935400
23,64,0.7935411300
23,65,0.7937887200
23,66,0.7940363100
23,67,0.7942839000
23,68,0.7945314900
23,69,0.7947790800
23,70,0.7950266700
23,71,0.7952742600
23,72,0.7955218500
23,73,0.7957694400
23,74,0.7960170300
23,75,0.7962646200
23,76,0.7965122100
23,77,0.2619654000
23,78,0.2622129900
23,79,0.2624605800
23,80,0.2627081700
23,81,0.2629557600
23,82,0.2632033500
23,83,0.2634509400
23,84,0.2636985300
23,85,0.2639461200
23,86,0.2641937100
23,87,0.7992357000
23,88,0.7994832900
23,89,0.7997308800
23,90,0.7999784700
23,91,0.8002260600
23,92,0.8004736500
23,93,0.8007212400
23,94,0.8009688300
23,95,0.8012164200
23,96,0.8014640100
23,97,0.8017116000
23,98,0.8019591900
23,99,0.8022067800
23,100,0.8024543700
24,0,0.8027019600
24,1,0.8029495500
24,2,0.8031971400
24,3,0.8034447300
24,4,0.8036923200
24,5,0.8039399100
24,6,0.8041875000
24,7,0.8044350900
24,8,0.8046826800
24,9,0.8049302700
24,10,0.8051778600
24,11,0.8054254500
24,12,0.8056730400
24,13,0.8059206300
24,14,0.8061682200
24,15,0.8064158100
24,16,0.8066634000
24,17,0.8069109900
24,18,0.8071585800
24,19,0.8074061700
24,20,0.8076537600
24,21,0.8079013500
24,22,0.8081489400
24,23,0.8083965300
24,24,0.8086441200
24,25,0.8088917100
24,26,0.8091393000
24,27,0.8093868900
24,28,0.8096344800
24,29,0.8098820700
24,30,0.8101296600
24,31,0.8103772500
24,32,0.8106248400
24,33,0.8108724300
24,34,0.8111200200
24,35,0.8113676100
24,36,0.8116152000
24,37,0.8118627900
24,38,0.8121103800
24,39,0.8123579700
24,40,0.8126055600
24,41,0.8128531500
24,42,0.8131007400
24,43,0.8133483300
24,44,0.8135959200
24,45,0.8138435100
24,46,0.8140911000
24,47,0.8143386900
24,48,0.8145862800
24,49,0.8148338700
24,50,0.8150814600
24,51,0.8153290500
24,52,0.8155766400
24,53,0.8158242300
24,54,0.8160718200
24,55,0.8163194100
24,56,0.8165670000
24,57,0.8168145900
24,58,0.8170621800
24,59,0.8173097700
24,60,0.8175573600
24,61,0.8178049500
24,62,0.8180525400
24,63,0.8183001300
24,64,0.8185477200
24,65,0.8187953100
24,66,0.8190429000
24,67,0.8192904900
24,68,0.8195380800
24,69,0.8197856700
24,70,0.8200332600
24,71,0.8202808500
24,72,0.8205284400
24,73,0.8207760300
24,74,0.8210236200
24,75,0.8212712100
24,76,0.2644413000
24,77,0.2646888900
24,78,0.2649364800
24,79,0.2651840700
24,80,0.2654316600
24,81,0.2656792500
24,82,0.2659268400
24,83,0.2661744300
24,84,0.2664220200
24,85,0.2666696100
24,86,0.8239947000
24,87,0.8242422900
24,88,0.8244898800
24,89,0.8247374700
24,90,0.8249850600
24,91,0.8252326500
24,92,0.8254802400
24,93,0.8257278300
24,94,0.8259754200
24,95,0.8262230100
24,96,0.8264706000
24,97,0.8267181900
24,98,0.8269657800
24,99,0.8272133700
24,100,0.8274609600
25,0,0.8277085500
25,1,0.8279561400
25,2,0.8282037300
25,3,0.8284513200
25,4,0.8286989100
25,5,0.8289465000
25,6,0.8291940900
25,7,0.8294416800
25,8,0.8296892700
25,9,0.8299368600
25,10,0.8301844500
25,11,0.8304320400
25,12,0.8306796300
25,13,0.8309272200
25,14,0.8311748100
25,15,0.8314224000
25,16,0.8316699900
25,17,0.8319175800
25,18,0.8321651700
25,19,0.8324127600
25,20,0.8326603500
25,21,0.8329079400
25,22,0.8331555300
25,23,0.8334031200
25,24,0.8336507100
25,25,0.8338983000
25,26,0.8341458900
25,27,0.8343934800
25,28,0.8346410700
25,29,0.8348886600
25,30,0.8351362500
25,31,0.8353838400
25,32,0.8356314300
25,33,0.8358790200
25,34,0.8361266100
25,35,0.8363742000
25,36,0.8366217900
25,37,0.8368693800
25,38,0.8371169700
25,39,0.8373645600
25,40,0.8376121500
25,41,0.8378597400
25,42,0.8381073300
25,43,0.8383549200
25,44,0.8386025100
25,45,0.8388501000
25,46,0.8390976900
25,47,0.8393452800
25,48,0.8395928700
25,49,0.8398404600
25,50,0.8400880500
25,51,0.8403356400
25,52,0.8405832300
25,53,0.8408308200
25,54,0.8410784100
25,55,0.8413260000
25,56,0.8415735900
25,57,0.8418211800
25,58,0.8420687700
25,59,0.8423163600
25,60,0.8425639500
25,61,0.8428115400
25,62,0.8430591300
25,63,0.8433067200
25,64,0.8435543100
25,65,0.8438019000
25,66,0.8440494900
25,67,0.8442970800
25,68,0.8445446700
25,69,0.8447922600
25,70,0.8450398500
25,71,0.8452874400
25,72,0.8455350300
25,73,0.8457826200
25,74,0.8460302100
25,75,0.2669172000
25,76,0.2671647900
25,77,0.2674123800
25,78,0.2676599700
25,79,0.2679075600
25,80,0.2681551500
25,81,0.2684027400
25,82,0.2686503300
25,83,0.2688979200
25,84,0.2691455100
25,85,0.8487537000
25,86,0.8490012900
25,87,0.8492488800
25,88,0.8494964700
25,89,0.8497440600
25,90,0.8499916500
25,91,0.8502392400
25,92,0.8504868300
25,93,0.8507344200
25,94,0.8509820100
25,95,0.8512296000
25,96,0.8514771900
25,97,0.8517247800
25,98,0.8519723700
25,99,0.8522199600
25,100,0.8524675500
26,0,0.8527151400
26,1,0.8529627300
26,2,0.8532103200
26,3,0.8534579100
26,4,0.8537055000
26,5,0.8539530900
26,6,0.8542006800
26,7,0.8544482700
26,8,0.8546958600
26,9,0.8549434500
26,10,0.8551910400
26,11,0.8554386300
26,12,0.8556862200
26,13,0.8559338100
26,14,0.8561814000
26,15,0.8564289900
26,16,0.8566765800
26,17,0.8569241700
26,18,0.8571717600
26,19,0.8574193500
26,20,0.8576669400
26,21,0.8579145300
26,22,0.8581621200
26,23,0.8584097100
26,24,0.8586573000
26,25,0.8589048900
26,26,0.8591524800
26,27,0.8594000700
26,28,0.8596476600
26,29,0.8598952500
26,30,0.8601428400
26,31,0.8603904300
26,32,0.8606380200
26,33,0.8608856100
26,34,0.8611332000
26,35,0.8613807900
26,36,0.8616283800
26,37,0.8618759700
26,38,0.8621235600
26,39,0.8623711500
26,40,0.8626187400
26,41,0.8628663300
26,42,0.8631139200
26,43,0.8633615100
26,44,0.8636091000
26,45,0.8638566900
26,46,0.8641042800
26,47,0.8643518700
26,48,0.8645994600
26,49,0.8648470500
26,50,0.8650946400
26,51,0.8653422300
26,52,0.8655898200
26,53,0.8658374100
26,54,0.8660850000
26,55,0.8663325900
26,56,0.8665801800
26,57,0.8668277700
26,58,0.8670753600
26,59,0.8673229500
26,60,0.8675705400
26,61,0.8678181300
26,62,0.8680657200
26,63,0.8683133100
26,64,0.8685609000
26,65,0.8688084900
26,66,0.8690560800
26,67,0.8693036700
26,68,0.8695512600
26,69,0.8697988500
26,70,0.8700464400
26,71,0.8702940300
26,72,0.8705416200
26,73,0.8707892100
26,74,0.2693931000
26,75,0.2696406900
26,76,0.2698882800
26,77,0.2701358700
26,78,0.2703834600
26,79,0.2706310500
26,80,0.2708786400
26,81,0.2711262300
26,82,0.2713738200
26,83,0.2716214100
26,84,0.8735127000
26,85,0.8737602900
26,86,0.8740078800
26,87,0.8742554700
26,88,0.8745030600
26,89,0.8747506500
26,90,0.8749982400
26,91,0.8752458300
26,92,0.8754934200
26,93,0.8757410100
26,94,0.8759886000
26,95,0.8762361900
26,96,0.8764837800
26,97,0.8767313700
26,98,0.8769789600
26,99,0.8772265500
26,100,0.8774741400
27,0,0.8777217300
27,1,0.8779693200
27,2,0.8782169100
27,3,0.8784645000
27,4,0.8787120900
27,5,0.8789596800
27,6,0.8792072700
27,7,0.8794548600
27,8,0.8797024500
27,9,0.8799500400
27,10,0.8801976300
27,11,0.8804452200
27,12,0.8806928100
27,13,0.8809404000
27,14,0.8811879900
27,15,0.8814355800
27,16,0.8816831700
27,17,0.8819307600
27,18,0.8821783500
27,19,0.8824259400
27,20,0.8826735300
27,21,0.8829211200
27,22,0.8831687100
27,23,0.8834163000
27,24,0.8836638900
27,25,0.8839114800
27,26,0.8841590700
27,27,0.8844066600
27,28,0.8846542500
27,29,0.8849018400
27,30,0.8851494300
27,31,0.8853970200
27,32,0.8856446100
27,33,0.8858922000
27,34,0.8861397900
27,35,0.8863873800
27,36,0.8866349700
27,37,0.8868825600
27,38,0.8871301500
27,39,0.8873777400
27,40,0.8876253300
27,41,0.8878729200
27,42,0.8881205100
27,43,0.8883681000
27,44,0.8886156900
27,45,0.8888632800
27,46,0.8891108700
27,47,0.8893584600
27,48,0.8896060500
27,49,0.8898536400
27,50,0.8901012300
27,51,0.8903488200
27,52,0.8905964100
27,53,0.8908440000
27,54,0.8910915900
27,55,0.8913391800
27,56,0.8915867700
27,57,0.8918343600
27,58,0.8920819500
27,59,0.8923295400
27,60,0.8925771300
27,61,0.8928247200
27,62,0.8930723100
27,63,0.8933199000
27,64,0.8935674900
27,65,0.8938150800
27,66,0.8940626700
27,67,0.8943102600
27,68,0.8945578500
27,69,0.8948054400
27,70,0.8950530300
27,71,0.8953006200
27,72,0.8955482100
27,73,0.2718690000
27,74,0.2721165900
27,75,0.2723641800
27,76,0.2726117700
27,77,0.2728593600
27,78,0.2731069500
27,79,0.2733545400
27,80,0.2736021300
27,81,0.2738497200
27,82,0.2740973100
27,83,0.8982717000
27,84,0.8985192900
27,85,0.8987668800
27,86,0.8990144700
27,87,0.8992620600
27,88,0.8995096500
27,89,0.8997572400
27,90,0.9000048300
27,91,0.9002524200
27,92,0.9005000100
27,93,0.9007476000
27,94,0.9009951900
27,95,0.9012427800
27,96,0.9014903700
27,97,0.9017379600
27,98,0.9019855500
27,99,0.9022331400
27,100,0.9024807300
28,0,0.9027283200
28,1,0.9029759100
28,2,0.9032235000
28,3,0.9034710900
28,4,0.9037186800
28,5,0.9039662700
28,6,0.9042138600
28,7,0.9044614500
28,8,0.9047090400
28,9,0.9049566300
28,10,0.9052042200
28,11,0.9054518100
28,12,0.9056994000
28,13,0.9059469900
28,14,0.9061945800
28,15,0.9064421700
28,16,0.9066897600
28,17,0.9069373500
28,18,0.9071849400
28,19,0.9074325300
28,20,0.9076801200
28,21,0.9079277100
28,22,0.9081753000
28,23,0.9084228900
28,24,0.9086704800
28,25,0.9089180700
28,26,0.9091656600
28,27,0.9094132500
28,28,0.9096608400
28,29,0.9099084300
28,30,0.9101560200
28,31,0.9104036100
28,32,0.9106512000
28,33,0.9108987900
28,34,0.9111463800
28,35,0.9113939700
28,36,0.9116415600
28,37,0.9118891500
28,38,0.9121367400
28,39,0.9123843300
28,40,0.9126319200
28,41,0.9128795100
28,42,0.9131271000
28,43,0.9133746900
28,44,0.9136222800
28,45,0.9138698700
28,46,0.9141174600
28,47,0.9143650500
28,48,0.9146126400
28,49,0.9148602300
28,50,0.9151078200
28,51,0.9153554100
28,52,0.9156030000
28,53,0.9158505900
28,54,0.9160981800
28,55,0.9163457700
28,56,0.9165933600
28,57,0.9168409500
28,58,0.9170885400
28,59,0.9173361300
28,60,0.9175837200
28,61,0.9178313100
28,62,0.9180789000
28,63,0.9183264900
28,64,0.9185740800
28,65,0.9188216700
28,66,0.9190692600
28,67,0.9193168500
28,68,0.9195644400
28,69,0.9198120300
28,70,0.9200596200
28,71,0.9203072100
28,72,0.2743449000
28,73,0.2745924900
28,74,0.2748400800
28,75,0.2750876700
28,76,0.2753352600
28,77,0.2755828500
28,78,0.2758304400
28,79,0.2760780300
28,80,0.2763256200
28,81,0.2765732100
28,82,0.9230307000
28,83,0.9232782900
28,84,0.9235258800
28,85,0.9237734700
28,86,0.9240210600
28,87,0.9242686500
28,88,0.9245162400
28,89,0.9247638300
28,90,0.9250114200
28,91,0.9252590100
28,92,0.9255066000
28,93,0.9257541900
28,94,0.9260017800
28,95,0.9262493700
28,96,0.9264969600
28,97,0.9267445500
28,98,0.9269921400
28,99,0.9272397300
28,100,0.9274873200
29,0,0.9277349100
29,1,0.9279825000
29,2,0.9282300900
29,3,0.9284776800
29,4,0.9287252700
29,5,0.9289728600
29,6,0.9292204500
29,7,0.9294680400
29,8,0.9297156300
29,9,0.9299632200
29,10,0.9302108100
29,11,0.9304584000
29,12,0.9307059900
29,13,0.9309535800
29,14,0.9312011700
29,15,0.9314487600
29,16,0.9316963500
29,17,0.9319439400
29,18,0.9321915300
29,19,0.9324391200
29,20,0.9326867100
29,21,0.9329343000
29,22,0.9331818900
29,23,0.9334294800
29,24,0.9336770700
29,25,0.9339246600
29,26,0.9341722500
29,27,0.9344198400
29,28,0.9346674300
29,29,0.9349150200
29,30,0.9351626100
29,31,0.9354102000
29,32,0.9356577900
29,33,0.9359053800
29,34,0.9361529700
29,35,0.9364005600
29,36,0.9366481500
29,37,0.9368957400
29,38,0.9371433300
29,39,0.9373909200
29,40,0.9376385100
29,41,0.9378861000
29,42,0.9381336900
29,43,0.9383812800
29,44,0.9386288700
29,45,0.9388764600
29,46,0.9391240500
29,47,0.9393716400
29,48,0.9396192300
29,49,0.9398668200
29,50,0.9401144100
29,51,0.9403620000
29,52,0.9406095900
29,53,0.9408571800
29,54,0.9411047700
29,55,0.9413523600
29,56,0.9415999500
29,57,0.9418475400
29,58,0.9420951300
29,59,0.9423427200
29,60,0.9425903100
29,61,0.9428379000
29,62,0.9430854900
29,63,0.9433330800
29,64,0.9435806700
29,65,0.9438282600
29,66,0.9440758500
29,67,0.9443234400
29,68,0.9445710300
29,69,0.9448186200
29,70,0.9450662100
29,71,0.2768208000
29,72,0.2770683900
29,73,0.2773159800
29,74,0.2775635700
29,75,0.2778111600
29,76,0.2780587500
29,77,0.2783063400
29,78,0.2785539300
29,79,0.2788015200
29,80,0.2790491100
29,81,0.9477897000
29,82,0.9480372900
29,83,0.9482848800
29,84,0.9485324700
29,85,0.9487800600
29,86,0.9490276500
29,87,0.9492752400
29,88,0.9495228300
29,89,0.9497704200
29,90,0.9500180100
29,91,0.9502656000
29,92,0.9505131900
29,93,0.9507607800
29,94,0.9510083700
29,95,0.9512559600
29,96,0.9515035500
29,97,0.9517511400
29,98,0.9519987300
29,99,0.9522463200
29,100,0.9524939100
30,0,0.9527415000
30,1,0.9529890900
30,2,0.9532366800
30,3,0.9534842700
30,4,0.9537318600
30,5,0.9539794500
30,6,0.9542270400
30,7,0.9544746300
30,8,0.9547222200
30,9,0.9549698100
30,10,0.9552174000
30,11,0.9554649900
30,12,0.9557125800
30,13,0.9559601700
30,14,0.9562077600
30,15,0.9564553500
30,16,0.9567029400
30,17,0.9569505300
30,18,0.9571981200
30,19,0.9574457100
30,20,0.9576933000
30,21,0.9579408900
30,22,0.9581884800
30,23,0.9584360700
30,24,0.9586836600
30,25,0.9589312500
30,26,0.9591788400
30,27,0.9594264300
30,28,0.9596740200
30,29,0.9599216100
30,30,0.9601692000
30,31,0.9604167900
30,32,0.9606643800
30,33,0.9609119700
30,34,0.9611595600
30,35,0.9614071500
30,36,0.9616547400
30,37,0.9619023300
30,38,0.9621499200
30,39,0.9623975100
30,40,0.9626451000
30,41,0.9628926900
30,42,0.9631402800
30,43,0.9633878700
30,44,0.9636354600
30,45,0.9638830500
30,46,0.9641306400
30,47,0.9643782300
30,48,0.9646258200
30,49,0.9648734100
30,50,0.9651210000
30,51,0.9653685900
30,52,0.9656161800
30,53,0.9658637700
30,54,0.9661113600
30,55,0.9663589500
30,56,0.9666065400
30,57,0.9668541300
30,58,0.9671017200
30,59,0.9673493100
30,60,0.9675969000
30,61,0.9678444900
30,62,0.9680920800
30,63,0.9683396700
30,64,0.9685872600
30,65,0.9688348500
30,66,0.9690824400
30,67,0.9693300300
30,68,0.9695776200
30,69,0.9698252100
30,70,0.2792967000
30,71,0.2795442900
30,72,0.2797918800
30,73,0.2800394700
30,74,0.2802870600
30,75,0.2805346500
30,76,0.2807822400
30,77,0.2810298300
30,78,0.2812774200
30,79,0.2815250100
30,80,0.9725487000
30,81,0.9727962900
30,82,0.9730438800
30,83,0.9732914700
30,84,0.9735390600
30,85,0.9737866500
30,86,0.9740342400
30,87,0.9742818300
30,88,0.9745294200
30,89,0.9747770100
30,90,0.9750246000
30,91,0.9752721900
30,92,0.9755197800
30,93,0.9757673700
30,94,0.9760149600
30,95,0.9762625500
30,96,0.9765101400
30,97,0.9767577300
30,98,0.9770053200
30,99,0.9772529100
30,100,0.9775005000
31,0,0.9777480900
31,1,0.9779956800
31,2,0.9782432700
31,3,0.9784908600
31,4,0.9787384500
31,5,0.9789860400
31,6,0.9792336300
31,7,0.9794812200
31,8,0.9797288100
31,9,0.9799764000
31,10,0.9802239900
31,11,0.9804715800
31,12,0.9807191700
31,13,0.9809667600
31,14,0.9812143500
31,15,0.9814619400
31,16,0.9817095300
31,17,0.9819571200
31,18,0.9822047100
31,19,0.9824523000
31,20,0.9826998900
31,21,0.9829474800
31,22,0.9831950700
31,23,0.9834426600
31,24,0.9836902500
31,25,0.9839378400
31,26,0.9841854300
31,27,0.9844330200
31,28,0.9846806100
31,29,0.9849282000
31,30,0.9851757900
31,31,0.9854233800
31,32,0.9856709700
31,33,0.9859185600
31,34,0.9861661500
31,35,0.9864137400
31,36,0.9866613300
31,37,0.9869089200
31,38,0.9871565100
31,39,0.9874041000
31,40,0.9876516900
31,41,0.9878992800
31,42,0.9881468700
31,43,0.9883944600
31,44,0.9886420500
31,45,0.9888896400
31,46,0.9891372300
31,47,0.9893848200
31,48,0.9896324100
31,49,0.9898800000
31,50,0.9901275900
31,51,0.9903751800
31,52,0.9906227700
31,53,0.9908703600
31,54,0.9911179500
31,55,0.9913655400
31,56,0.9916131300
31,57,0.9918607200
31,58,0.9921083100
31,59,0.9923559000
31,60,0.9926034900
31,61,0.9928510800
31,62,0.9930986700
31,63,0.9933462600
31,64,0.9935938500
31,65,0.9938414400
31,66,0.9940890300
31,67,0.9943366200
31,68,0.9945842100
31,69,0.2817726000
31,70,0.2820201900
31,71,0.2822677800
31,72,0.2825153700
31,73,0.2827629600
31,74,0.2830105500
31,75,0.2832581400
31,76,0.2835057300
31,77,0.2837533200
31,78,0.2840009100
31,79,0.9973077000
31,80,0.9975552900
31,81,0.9978028800
31,82,0.9980504700
31,83,0.9982980600
31,84,0.9985456500
31,85,0.9987932400
31,86,0.9990408300
31,87,0.9992884200
31,88,0.9995360100
31,89,0.9997836000
31,90,1.0000311900
31,91,1.0002787800
31,92,1.0005263700
31,93,1.0007739600
31,94,1.0010215500
31,95,1.0012691400
31,96,1.0015167300
31,97,1.0017643200
31,98,1.0020119100
31,99,1.0022595000
31,100,1.0025070900
32,0,1.0027546800
32,1,1.0030022700
32,2,1.0032498600
32,3,1.0034974500
32,4,1.0037450400
32,5,1.0039926300
32,6,1.0042402200
32,7,1.0044878100
32,8,1.0047354000
32,9,1.0049829900
32,10,1.0052305800
32,11,1.0054781700
32,12,1.0057257600
32,13,1.0059733500
32,14,1.0062209400
32,15,1.0064685300
32,16,1.0067161200
32,17,1.0069637100
32,18,1.0072113000
32,19,1.0074588900
32,20,1.0077064800
32,21,1.0079540700
32,22,1.0082016600
32,23,1.0084492500
32,24,1.0086968400
32,25,1.0089444300
32,26,1.0091920200
32,27,1.0094396100
32,28,1.0096872000
32,29,1.0099347900
32,30,1.0101823800
32,31,1.0104299700
32,32,1.0106775600
32,33,1.0109251500
32,34,1.0111727400
32,35,1.0114203300
32,36,1.0116679200
32,37,1.0119155100
32,38,1.0121631000
32,39,1.0124106900
32,40,1.0126582800
32,41,1.0129058700
32,42,1.0131534600
32,43,1.0134010500
32,44,1.0136486400
32,45,1.0138962300
32,46,1.0141438200
32,47,1.0143914100
32,48,1.0146390000
32,49,1.0148865900
32,50,1.0151341800
32,51,1.0153817700
32,52,1.0156293600
32,53,1.0158769500
32,54,1.0161245400
32,55,1.0163721300
32,56,1.0166197200
32,57,1.0168673100
32,58,1.0171149000
32,59,1.0173624900
32,60,1.0176100800
32,61,1.0178576700
32,62,1.0181052600
32,63,1.0183528500
32,64,1.0186004400
32,65,1.0188480300
32,66,1.0190956200
32,67,1.0193432100
32,68,0.2842485000
32,69,0.2844960900
32,70,0.2847436800
32,71,0.2849912700
32,72,0.2852388600
32,73,0.2854864500
32,74,0.2857340400
32,75,0.2859816300
32,76,0.2862292200
32,77,0.2864768100
32,78,1.0220667000
32,79,1.0223142900
32,80,1.0225618800
32,81,1.0228094700
32,82,1.0230570600
32,83,1.0233046500
32,84,1.0235522400
32,85,1.0237998300
32,86,1.0240474200
32,87,1.0242950100
32,88,1.0245426000
32,89,1.0247901900
32,90,1.0250377800
32,91,1.0252853700
32,92,1.0255329600
32,93,1.0257805500
32,94,1.0260281400
32,95,1.0262757300
32,96,1.0265233200
32,97,1.0267709100
32,98,1.0270185000
32,99,1.0272660900
32,100,1.0275136800
33,0,1.0277612700
33,1,1.0280088600
33,2,1.0282564500
33,3,1.0285040400
33,4,1.0287516300
33,5,1.0289992200
33,6,1.0292468100
33,7,1.0294944000
33,8,1.0297419900
33,9,1.0299895800
33,10,1.0302371700
33,11,1.0304847600
33,12,1.0307323500
33,13,1.0309799400
33,14,1.0312275300
33,15,1.0314751200
33,16,1.0317227100
33,17,1.0319703000
33,18,1.0322178900
33,19,1.0324654800
33,20,1.0327130700
33,21,1.0329606600
33,22,1.0332082500
33,23,1.0334558400
33,24,1.0337034300
33,25,1.0339510200
33,26,1.0341986100
33,27,1.0344462000
33,28,1.0346937900
33,29,1.0349413800
33,30,1.0351889700
33,31,1.0354365600
33,32,1.0356841500
33,33,1.0359317400
33,34,1.0361793300
33,35,1.0364269200
33,36,1.0366745100
33,37,1.0369221000
33,38,1.0371696900
33,39,1.0374172800
33,40,1.0376648700
33,41,1.0379124600
33,42,1.0381600500
33,43,1.0384076400
33,44,1.0386552300
33,45,1.0389028200
33,46,1.0391504100
33,47,1.0393980000
33,48,1.0396455900
33,49,1.0398931800
33,50,1.0401407700
33,51,1.0403883600
33,52,1.0406359500
33,53,1.0408835400
33,54,1.0411311300
33,55,1.0413787200
33,56,1.0416263100
33,57,1.0418739000
33,58,1.0421214900
33,59,1.0423690800
33,60,1.0426166700
33,61,1.0428642600
33,62,1.0431118500
33,63,1.0433594400
33,64,1.0436070300
33,65,1.0438546200
33,66,1.0441022100
33,67,0.2867244000
33,68,0.2869719900
33,69,0.2872195800
33,70,0.2874671700
33,71,0.2877147600
33,72,0.2879623500
33,73,0.2882099400
33,74,0.2884575300
33,75,0.2887051200
33,76,0.2889527100
33,77,1.0468257000
33,78,1.0470732900
33,79,1.0473208800
33,80,1.0475684700
33,81,1.0478160600
33,82,1.0480636500
33,83,1.0483112400
33,84,1.0485588300
33,85,1.0488064200
33,86,1.0490540100
33,87,1.0493016000
33,88,1.0495491900
33,89,1.0497967800
33,90,1.0500443700
33,91,1.0502919600
33,92,1.0505395500
33,93,1.0507871400
33,94,1.0510347300
33,95,1.0512823200
33,96,1.0515299100
33,97,1.0517775000
33,98,1.0520250900
33,99,1.0522726800
33,100,1.0525202700
34,0,1.0527678600
34,1,1.0530154500
34,2,1.0532630400
34,3,1.0535106300
34,4,1.0537582200
34,5,1.0540058100
34,6,1.0542534000
34,7,1.0545009900
34,8,1.0547485800
34,9,1.0549961700
34,10,1.0552437600
34,11,1.0554913500
34,12,1.0557389400
34,13,1.0559865300
34,14,1.0562341200
34,15,1.0564817100
34,16,1.0567293000
34,17,1.0569768900
34,18,1.0572244800
34,19,1.0574720700
34,20,1.0577196600
34,21,1.0579672500
34,22,1.0582148400
34,23,1.0584624300
34,24,1.0587100200
34,25,1.0589576100
34,26,1.0592052000
34,27,1.0594527900
34,28,1.0597003800
34,29,1.0599479700
34,30,1.0601955600
34,31,1.0604431500
34,32,1.0606907400
34,33,1.0609383300
34,34,1.0611859200
34,35,1.0614335100
34,36,1.0616811000
34,37,1.0619286900
34,38,1.0621762800
34,39,1.0624238700
34,40,1.0626714600
34,41,1.0629190500
34,42,1.0631666400
34,43,1.0634142300
34,44,1.0636618200
34,45,1.0639094100
34,46,1.0641570000
34,47,1.0644045900
34,48,1.0646521800
34,49,1.0648997700
34,50,1.0651473600
34,51,1.0653949500
34,52,1.0656425400
34,53,1.0658901300
34,54,1.0661377200
34,55,1.0663853100
34,56,1.0666329000
34,57,1.0668804900
34,58,1.0671280800
34,59,1.0673756700
34,60,1.0676232600
34,61,1.0678708500
34,62,1.0681184400
34,63,1.0683660300
34,64,1.0686136200
34,65,1.0688612100
34,66,0.2892003000
34,67,0.2894478900
34,68,0.2896954800
34,69,0.2899430700
34,70,0.2901906600
34,71,0.2904382500
34,72,0.2906858400
34,73,0.2909334300
34,74,0.2911810200
34,75,0.2914286100
34,76,1.0715847000
34,77,1.0718322900
34,78,1.0720798800
34,79,1.0723274700
34,80,1.0725750600
34,81,1.0728226500
34,82,1.0730702400
34,83,1.0733178300
34,84,1.0735654200
34,85,1.0738130100
34,86,1.0740606000
34,87,1.0743081900
34,88,1.0745557800
34,89,1.0748033700
34,90,1.0750509600
34,91,1.0752985500
34,92,1.0755461400
34,93,1.0757937300
34,94,1.0760413200
34,95,1.0762889100
34,96,1.0765365000
34,97,1.0767840900
34,98,1.0770316800
34,99,1.0772792700
34,100,1.0775268600
35,0,1.0777744500
35,1,1.0780220400
35,2,1.0782696300
35,3,1.0785172200
35,4,1.0787648100
35,5,1.0790124000
35,6,1.0792599900
35,7,1.0795075800
35,8,1.0797551700
35,9,1.0800027600
35,10,1.0802503500
35,11,1.0804979400
35,12,1.0807455300
35,13,1.0809931200
35,14,1.0812407100
35,15,1.0814883000
35,16,1.0817358900
35,17,1.0819834800
35,18,1.0822310700
35,19,1.0824786600
35,20,1.0827262500
35,21,1.0829738400
35,22,1.0832214300
35,23,1.0834690200
35,24,1.0837166100
35,25,1.0839642000
35,26,1.0842117900
35,27,1.0844593800
35,28,1.0847069700
35,29,1.0849545600
35,30,1.0852021500
35,31,1.0854497400
35,32,1.0856973300
35,33,1.0859449200
35,34,1.0861925100
35,35,1.0864401000
35,36,1.0866876900
35,37,1.0869352800
35,38,1.0871828700
35,39,1.0874304600
35,40,1.0876780500
35,41,1.0879256400
35,42,1.0881732300
35,43,1.0884208200
35,44,1.0886684100
35,45,1.0889160000
35,46,1.0891635900
35,47,1.0894111800
35,48,1.0896587700
35,49,1.0899063600
35,50,1.0901539500
35,51,1.0904015400
35,52,1.0906491300
35,53,1.0908967200
35,54,1.0911443100
35,55,1.0913919000
35,56,1.0916394900
35,57,1.0918870800
35,58,1.0921346700
35,59,1.0923822600
35,60,1.0926298500
35,61,1.0928774400
35,62,1.0931250300
35,63,1.0933726200
35,64,1.0936202100
35,65,0.2916762000
35,66,0.2919237900
35,67,0.2921713800
35,68,0.2924189700
35,69,0.2926665600
35,70,0.2929141500
35,71,0.2931617400
35,72,0.2934093300
35,73,0.2936569200
35,74,0.2939045100
35,75,1.0963437000
35,76,1.0965912900
35,77,1.0968388800
35,78,1.0970864700
35,79,1.0973340600
35,80,1.0975816500
35,81,1.0978292400
35,82,1.0980768300
35,83,1.0983244200
35,84,1.0985720100
35,85,1.0988196000
35,86,1.0990671900
35,87,1.0993147800
35,88,1.0995623700
35,89,1.0998099600
35,90,1.1000575500
35,91,1.1003051400
35,92,1.1005527300
35,93,1.1008003200
35,94,1.1010479100
35,95,1.1012955000
35,96,1.1015430900
35,97,1.1017906800
35,98,1.1020382700
35,99,1.1022858600
35,100,1.1025334500
36,0,1.1027810400
36,1,1.1030286300
36,2,1.1032762200
36,3,1.1035238100
36,4,1.1037714000
36,5,1.1040189900
36,6,1.1042665800
36,7,1.1045141700
36,8,1.1047617600
36,9,1.1050093500
36,10,1.1052569400
36,11,1.1055045300
36,12,1.1057521200
36,13,1.1059997100
36,14,1.1062473000
36,15,1.1064948900
36,16,1.1067424800
36,17,1.1069900700
36,18,1.1072376600
36,19,1.1074852500
36,20,1.1077328400
36,21,1.1079804300
36,22,1.1082280200
36,23,1.1084756100
36,24,1.1087232000
36,25,1.1089707900
36,26,1.1092183800
36,27,1.1094659700
36,28,1.1097135600
36,29,1.1099611500
36,30,1.1102087400
36,31,1.1104563300
36,32,1.1107039200
36,33,1.1109515100
36,34,1.1111991000
36,35,1.1114466900
36,36,1.1116942800
36,37,1.1119418700
36,38,1.1121894600
36,39,1.1124370500
36,40,1.1126846400
36,41,1.1129322300
36,42,1.1131798200
36,43,1.1134274100
36,44,1.1136750000
36,45,1.1139225900
36,46,1.1141701800
36,47,1.1144177700
36,48,1.1146653600
36,49,1.1149129500
36,50,1.1151605400
36,51,1.1154081300
36,52,1.1156557200
36,53,1.1159033100
36,54,1.1161509000
36,55,1.1163984900
36,56,1.1166460800
36,57,1.1168936700
36,58,1.1171412600
36,59,1.1173888500
36,60,1.1176364400
36,61,1.1178840300
36,62,1.1181316200
36,63,1.1183792100
36,64,0.2941521000
36,65,0.2943996900
36,66,0.2946472800
36,67,0.2948948700
36,68,0.2951424600
36,69,0.2953900500
36,70,0.2956376400
36,71,0.2958852300
36,72,0.2961328200
36,73,0.2963804100
36,74,1.1211027000
36,75,1.1213502900
36,76,1.1215978800
36,77,1.1218454700
36,78,1.1220930600
36,79,1.1223406500
36,80,1.1225882400
36,81,1.1228358300
36,82,1.1230834200
36,83,1.1233310100
36,84,1.1235786000
36,85,1.1238261900
36,86,1.1240737800
36,87,1.1243213700
36,88,1.1245689600
36,89,1.1248165500
36,90,1.1250641400
36,91,1.1253117300
36,92,1.1255593200
36,93,1.1258069100
36,94,1.1260545000
36,95,1.1263020900
36,96,1.1265496800
36,97,1.1267972700
36,98,1.1270448600
36,99,1.1272924500
36,100,1.1275400400
37,0,1.1277876300
37,1,1.1280352200
37,2,1.1282828100
37,3,1.1285304000
37,4,1.1287779900
37,5,1.1290255800
37,6,1.1292731700
37,7,1.1295207600
37,8,1.1297683500
37,9,1.1300159400
37,10,1.1302635300
37,11,1.1305111200
37,12,1.1307587100
37,13,1.1310063000
37,14,1.1312538900
37,15,1.1315014800
37,16,1.1317490700
37,17,1.1319966600
37,18,1.1322442500
37,19,1.1324918400
37,20,1.1327394300
37,21,1.1329870200
37,22,1.1332346100
37,23,1.1334822000
37,24,1.1337297900
37,25,1.1339773800
37,26,1.1342249700
37,27,1.1344725600
37,28,1.1347201500
37,29,1.1349677400
37,30,1.1352153300
37,31,1.1354629200
37,32,1.1357105100
37,33,1.1359581000
37,34,1.1362056900
37,35,1.1364532800
37,36,1.1367008700
37,37,1.1369484600
37,38,1.1371960500
37,39,1.1374436400
37,40,1.1376912300
37,41,1.1379388200
37,42,1.1381864100
37,43,1.1384340000
37,44,1.1386815900
37,45,1.1389291800
37,46,1.1391767700
37,47,1.1394243600
37,48,1.1396719500
37,49,1.1399195400
37,50,1.1401671300
37,51,1.1404147200
37,52,1.1406623100
37,53,1.1409099000
37,54,1.1411574900
37,55,1.1414050800
37,56,1.1416526700
37,57,1.1419002600
37,58,1.1421478500
37,59,1.1423954400
37,60,1.1426430300
37,61,1.1428906200
37,62,1.1431382100
37,63,0.2966280000
37,64,0.2968755900
37,65,0.2971231800
37,66,0.2973707700
37,67,0.2976183600
37,68,0.2978659500
37,69,0.2981135400
37,70,0.2983611300
37,71,0.2986087200
37,72,0.2988563100
37,73,1.1458617000
37,74,1.1461092900
37,75,1.1463568800
37,76,1.1466044700
37,77,1.1468520600
37,78,1.1470996500
37,79,1.1473472400
37,80,1.1475948300
37,81,1.1478424200
37,82,1.1480900100
37,83,1.1483376000
37,84,1.1485851900
37,85,1.1488327800
37,86,1.1490803700
37,87,1.1493279600
37,88,1.1495755500
37,89,1.1498231400
37,90,1.1500707300
37,91,1.1503183200
37,92,1.1505659100
37,93,1.1508135000
37,94,1.1510610900
37,95,1.1513086800
37,96,1.1515562700
37,97,1.1518038600
37,98,1.1520514500
37,99,1.1522990400
37,100,1.1525466300
38,0,1.1527942200
38,1,1.1530418100
38,2,1.1532894000
38,3,1.1535369900
38,4,1.1537845800
38,5,1.1540321700
38,6,1.1542797600
38,7,1.1545273500
38,8,1.1547749400
38,9,1.1550225300
38,10,1.1552701200
38,11,1.1555177100
38,12,1.1557653000
38,13,1.1560128900
38,14,1.1562604800
38,15,1.1565080700
38,16,1.1567556600
38,17,1.1570032500
38,18,1.1572508400
38,19,1.1574984300
38,20,1.1577460200
38,21,1.1579936100
38,22,1.1582412000
38,23,1.1584887900
38,24,1.1587363800
38,25,1.1589839700
38,26,1.1592315600
38,27,1.1594791500
38,28,1.1597267400
38,29,1.1599743300
38,30,1.1602219200
38,31,1.1604695100
38,32,1.1607171000
38,33,1.1609646900
38,34,1.1612122800
38,35,1.1614598700
38,36,1.1617074600
38,37,1.1619550500
38,38,1.1622026400
38,39,1.1624502300
38,40,1.1626978200
38,41,1.1629454100
38,42,1.1631930000
38,43,1.1634405900
38,44,1.1636881800
38,45,1.1639357700
38,46,1.1641833600
38,47,1.1644309500
38,48,1.1646785400
38,49,1.1649261300
38,50,1.1651737200
38,51,1.1654213100
38,52,1.1656689000
38,53,1.1659164900
38,54,1.1661640800
38,55,1.1664116700
38,56,1.1666592600
38,57,1.1669068500
38,58,1.1671544400
38,59,1.1674020300
38,60,1.1676496200
38,61,1.1678972100
38,62,0.2991039000
38,63,0.2993514900
38,64,0.2995990800
38,65,0.2998466700
38,66,0.3000942600
38,67,0.3003418500
38,68,0.3005894400
38,69,0.3008370300
38,70,0.3010846200
38,71,0.3013322100
38,72,1.1706207000
38,73,1.1708682900
38,74,1.1711158800
38,75,1.1713634700
38,76,1.1716110600
38,77,1.1718586500
38,78,1.1721062400
38,79,1.1723538300
38,80,1.1726014200
38,81,1.1728490100
38,82,1.1730966000
38,83,1.1733441900
38,84,1.1735917800
38,85,1.1738393700
38,86,1.1740869600
38,87,1.1743345500
38,88,1.1745821400
38,89,1.1748297300
38,90,1.1750773200
38,91,1.1753249100
38,92,1.1755725000
38,93,1.1758200900
38,94,1.1760676800
38,95,1.1763152700
38,96,1.1765628600
38,97,1.1768104500
38,98,1.1770580400
38,99,1.1773056300
38,100,1.1775532200
39,0,1.1778008100
39,1,1.1780484000
39,2,1.1782959900
39,3,1.1785435800
39,4,1.1787911700
39,5,1.1790387600
39,6,1.1792863500
39,7,1.1795339400
39,8,1.1797815300
39,9,1.1800291200
39,10,1.1802767100
39,11,1.1805243000
39,12,1.1807718900
39,13,1.1810194800
39,14,1.1812670700
39,15,1.1815146600
39,16,1.1817622500
39,17,1.1820098400
39,18,1.1822574300
39,19,1.1825050200
39,20,1.1827526100
39,21,1.1830002000
39,22,1.1832477900
39,23,1.1834953800
39,24,1.1837429700
39,25,1.1839905600
39,26,1.1842381500
39,27,1.1844857400
39,28,1.1847333300
39,29,1.1849809200
39,30,1.1852285100
39,31,1.1854761000
39,32,1.1857236900
39,33,1.1859712800
39,34,1.1862188700
39,35,1.1864664600
39,36,1.1867140500
39,37,1.1869616400
39,38,1.1872092300
39,39,1.1874568200
39,40,1.1877044100
39,41,1.1879520000
39,42,1.1881995900
39,43,1.1884471800
39,44,1.1886947700
39,45,1.1889423600
39,46,1.1891899500
39,47,1.1894375400
39,48,1.1896851300
39,49,1.1899327200
39,50,1.1901803100
39,51,1.1904279000
39,52,1.1906754900
39,53,1.1909230800
39,54,1.1911706700
39,55,1.1914182600
39,56,1.1916658500
39,57,1.1919134400
39,58,1.1921610300
39,59,1.1924086200
39,60,1.1926562100
39,61,0.3015798000
39,62,0.3018273900
39,63,0.3020749800
39,64,0.3023225700
39,65,0.3025701600
39,66,0.3028177500
39,67,0.3030653400
39,68,0.3033129300
39,69,0.3035605200
39,70,0.3038081100
39,71,1.1953797000
39,72,1.1956272900
39,73,1.1958748800
39,74,1.1961224700
39,75,1.1963700600
39,76,1.1966176500
39,77,1.1968652400
39,78,1.1971128300
39,79,1.1973604200
39,80,1.1976080100
39,81,1.1978556000
39,82,1.1981031900
39,83,1.1983507800
39,84,1.1985983700
39,85,1.1988459600
39,86,1.1990935500
39,87,1.1993411400
39,88,1.1995887300
39,89,1.1998363200
39,90,1.2000839100
39,91,1.2003315000
39,92,1.2005790900
39,93,1.2008266800
39,94,1.2010742700
39,95,1.2013218600
39,96,1.2015694500
39,97,1.2018170400
39,98,1.2020646300
39,99,1.2023122200
39,100,1.2025598100
40,0,1.2028074000
40,1,1.2030549900
40,2,1.2033025800
40,3,1.2035501700
40,4,1.2037977600
40,5,1.2040453500
40,6,1.2042929400
40,7,1.2045405300
40,8,1.2047881200
40,9,1.2050357100
40,10,1.2052833000
40,11,1.2055308900
40,12,1.2057784800
40,13,1.2060260700
40,14,1.2062736600
40,15,1.2065212500
40,16,1.2067688400
40,17,1.2070164300
40,18,1.2072640200
40,19,1.2075116100
40,20,1.2077592000
40,21,1.2080067900
40,22,1.2082543800
40,23,1.2085019700
40,24,1.2087495600
40,25,1.2089971500
40,26,1.2092447400
40,27,1.2094923300
40,28,1.2097399200
40,29,1.2099875100
40,30,1.2102351000
40,31,1.2104826900
40,32,1.2107302800
40,33,1.2109778700
40,34,1.2112254600
40,35,1.2114730500
40,36,1.2117206400
40,37,1.2119682300
40,38,1.2122158200
40,39,1.2124634100
40,40,1.2127110000
40,41,1.2129585900
40,42,1.2132061800
40,43,1.2134537700
40,44,1.2137013600
40,45,1.2139489500
40,46,1.2141965400
40,47,1.2144441300
40,48,1.2146917200
40,49,1.2149393100
40,50,1.2151869000
40,51,1.2154344900
40,52,1.2156820800
40,53,1.2159296700
40,54,1.2161772600
40,55,1.2164248500
40,56,1.2166724400
40,57,1.2169200300
40,58,1.2171676200
40,59,1.2174152100
40,60,0.3040557000
40,61,0.3043032900
40,62,0.3045508800
40,63,0.3047984700
40,64,0.3050460600
40,65,0.3052936500
40,66,0.3055412400
40,67,0.3057888300
40,68,0.3060364200
40,69,0.3062840100
40,70,1.2201387000
40,71,1.2203862900
40,72,1.2206338800
40,73,1.2208814700
40,74,1.2211290600
40,75,1.2213766500
40,76,1.2216242400
40,77,1.2218718300
40,78,1.2221194200
40,79,1.2223670100
40,80,1.2226146000
40,81,1.2228621900
40,82,1.2231097800
40,83,1.2233573700
40,84,1.2236049600
40,85,1.2238525500
40,86,1.2241001400
40,87,1.2243477300
40,88,1.2245953200
40,89,1.2248429100
40,90,1.2250905000
40,91,1.2253380900
40,92,1.2255856800
40,93,1.2258332700
40,94,1.2260808600
40,95,1.2263284500
40,96,1.2265760400
40,97,1.2268236300
40,98,1.2270712200
40,99,1.2273188100
40,100,1.2275664000
41,0,1.2278139900
41,1,1.2280615800
41,2,1.2283091700
41,3,1.2285567600
41,4,1.2288043500
41,5,1.2290519400
41,6,1.2292995300
41,7,1.2295471200
41,8,1.2297947100
41,9,1.2300423000
41,10,1.2302898900
41,11,1.2305374800
41,12,1.2307850700
41,13,1.2310326600
41,14,1.2312802500
41,15,1.2315278400
41,16,1.2317754300
41,17,1.2320230200
41,18,1.2322706100
41,19,1.2325182000
41,20,1.2327657900
41,21,1.2330133800
41,22,1.2332609700
41,23,1.2335085600
41,24,1.2337561500
41,25,1.2340037400
41,26,1.2342513300
41,27,1.2344989200
41,28,1.2347465100
41,29,1.2349941000
41,30,1.2352416900
41,31,1.2354892800
41,32,1.2357368700
41,33,1.2359844600
41,34,1.2362320500
41,35,1.2364796400
41,36,1.2367272300
41,37,1.2369748200
41,38,1.2372224100
41,39,1.2374700000
41,40,1.2377175900
41,41,1.2379651800
41,42,1.2382127700
41,43,1.2384603600
41,44,1.2387079500
41,45,1.2389555400
41,46,1.2392031300
41,47,1.2394507200
41,48,1.2396983100
41,49,1.2399459000
41,50,1.2401934900
41,51,1.2404410800
41,52,1.2406886700
41,53,1.2409362600
41,54,1.2411838500
41,55,1.2414314400
41,56,1.2416790300
41,57,1.2419266200
41,58,1.2421742100
41,59,0.3065316000
41,60,0.3067791900
41,61,0.3070267800
41,62,0.3072743700
41,63,0.3075219600
41,64,0.3077695500
41,65,0.3080171400
41,66,0.3082647300
41,67,0.3085123200
41,68,0.3087599100
41,69,1.2448977000
41,70,1.2451452900
41,71,1.2453928800
41,72,1.2456404700
41,73,1.2458880600
41,74,1.2461356500
41,75,1.2463832400
41,76,1.2466308300
41,77,1.2468784200
41,78,1.2471260100
41,79,1.2473736000
41,80,1.2476211900
41,81,1.2478687800
41,82,1.2481163700
41,83,1.2483639600
41,84,1.2486115500
41,85,1.2488591400
41,86,1.2491067300
41,87,1.2493543200
41,88,1.2496019100
41,89,1.2498495000
41,90,1.2500970900
41,91,1.2503446800
41,92,1.2505922700
41,93,1.2508398600
41,94,1.2510874500
41,95,1.2513350400
41,96,1.2515826300
41,97,1.2518302200
41,98,1.2520778100
41,99,1.2523254000
41,100,1.2525729900
42,0,1.2528205800
42,1,1.2530681700
42,2,1.2533157600
42,3,1.2535633500
42,4,1.2538109400
42,5,1.2540585300
42,6,1.2543061200
42,7,1.2545537100
42,8,1.2548013000
42,9,1.2550488900
42,10,1.2552964800
42,11,1.2555440700
42,12,1.2557916600
42,13,1.2560392500
42,14,1.2562868400
42,15,1.2565344300
42,16,1.2567820200
42,17,1.2570296100
42,18,1.2572772000
42,19,1.2575247900
42,20,1.2577723800
42,21,1.2580199700
42,22,1.2582675600
42,23,1.2585151500
42,24,1.2587627400
42,25,1.2590103300
42,26,1.2592579200
42,27,1.2595055100
42,28,1.2597531000
42,29,1.2600006900
42,30,1.2602482800
42,31,1.2604958700
42,32,1.2607434600
42,33,1.2609910500
42,34,1.2612386400
42,35,1.2614862300
42,36,1.2617338200
42,37,1.2619814100
42,38,1.2622290000
42,39,1.2624765900
42,40,1.2627241800
42,41,1.2629717700
42,42,1.2632193600
42,43,1.2634669500
42,44,1.2637145400
42,45,1.2639621300
42,46,1.2642097200
42,47,1.2644573100
42,48,1.2647049000
42,49,1.2649524900
42,50,1.2652000800
42,51,1.2654476700
42,52,1.2656952600
42,53,1.2659428500
42,54,1.2661904400
42,55,1.2664380300
42,56,1.2666856200
42,57,1.2669332100
42,58,0.3090075000
42,59,0.3092550900
42,60,0.3095026800
42,61,0.3097502700
42,62,0.3099978600
42,63,0.3102454500
42,64,0.3104930400
42,65,0.3107406300
42,66,0.3109882200
42,67,0.3112358100
42,68,1.2696567000
42,69,1.2699042900
42,70,1.2701518800
42,71,1.2703994700
42,72,1.2706470600
42,73,1.2708946500
42,74,1.2711422400
42,75,1.2713898300
42,76,1.2716374200
42,77,1.2718850100
42,78,1.2721326000
42,79,1.2723801900
42,80,1.2726277800
42,81,1.2728753700
42,82,1.2731229600
42,83,1.2733705500
42,84,1.2736181400
42,85,1.2738657300
42,86,1.2741133200
42,87,1.2743609100
42,88,1.2746085000
42,89,1.2748560900
42,90,1.2751036800
42,91,1.2753512700
42,92,1.2755988600
42,93,1.2758464500
42,94,1.2760940400
42,95,1.2763416300
42,96,1.2765892200
42,97,1.2768368100
42,98,1.2770844000
42,99,1.2773319900
42,100,1.2775795800
43,0,1.2778271700
43,1,1.2780747600
43,2,1.2783223500
43,3,1.2785699400
43,4,1.2788175300
43,5,1.2790651200
43,6,1.2793127100
43,7,1.2795603000
43,8,1.2798078900
43,9,1.2800554800
43,10,1.2803030700
43,11,1.2805506600
43,12,1.2807982500
43,13,1.2810458400
43,14,1.2812934300
43,15,1.2815410200
43,16,1.2817886100
43,17,1.2820362000
43,18,1.2822837900
43,19,1.2825313800
43,20,1.2827789700
43,21,1.2830265600
43,22,1.2832741500
43,23,1.2835217400
43,24,1.2837693300
43,25,1.2840169200
43,26,1.2842645100
43,27,1.2845121000
43,28,1.2847596900
43,29,1.2850072800
43,30,1.2852548700
43,31,1.2855024600
43,32,1.2857500500
43,33,1.2859976400
43,34,1.2862452300
43,35,1.2864928200
43,36,1.2867404100
43,37,1.2869880000
43,38,1.2872355900
43,39,1.2874831800
43,40,1.2877307700
43,41,1.2879783600
43,42,1.2882259500
43,43,1.2884735400
43,44,1.2887211300
43,45,1.2889687200
43,46,1.2892163100
43,47,1.2894639000
43,48,1.2897114900
43,49,1.2899590800
43,50,1.2902066700
43,51,1.2904542600
43,52,1.2907018500
43,53,1.2909494400
43,54,1.2911970300
43,55,1.2914446200
43,56,1.2916922100
43,57,0.3114834000
43,58,0.3117309900
43,59,0.3119785800
43,60,0.3122261700
43,61,0.3124737600
43,62,0.3127213500
43,63,0.3129689400
43,64,0.3132165300
43,65,0.3134641200
43,66,0.3137117100
43,67,1.2944157000
43,68,1.2946632900
43,69,1.2949108800
43,70,1.2951584700
43,71,1.2954060600
43,72,1.2956536500
43,73,1.2959012400
43,74,1.2961488300
43,75,1.2963964200
43,76,1.2966440100
43,77,1.2968916000
43,78,1.2971391900
43,79,1.2973867800
43,80,1.2976343700
43,81,1.2978819600
43,82,1.2981295500
43,83,1.2983771400
43,84,1.2986247300
43,85,1.2988723200
43,86,1.2991199100
43,87,1.2993675000
43,88,1.2996150900
43,89,1.2998626800
43,90,1.3001102700
43,91,1.3003578600
43,92,1.3006054500
43,93,1.3008530400
43,94,1.3011006300
43,95,1.3013482200
43,96,1.3015958100
43,97,1.3018434000
43,98,1.3020909900
43,99,1.3023385800
43,100,1.3025861700
44,0,1.3028337600
44,1,1.3030813500
44,2,1.3033289400
44,3,1.3035765300
44,4,1.3038241200
44,5,1.3040717100
44,6,1.3043193000
44,7,1.3045668900
44,8,1.3048144800
44,9,1.3050620700
44,10,1.3053096600
44,11,1.3055572500
44,12,1.3058048400
44,13,1.3060524300
44,14,1.3063000200
44,15,1.3065476100
44,16,1.3067952000
44,17,1.3070427900
44,18,1.3072903800
44,19,1.3075379700
44,20,1.3077855600
44,21,1.3080331500
44,22,1.3082807400
44,23,1.3085283300
44,24,1.3087759200
44,25,1.3090235100
44,26,1.3092711000
44,27,1.3095186900
44,28,1.3097662800
44,29,1.3100138700
44,30,1.3102614600
44,31,1.3105090500
44,32,1.3107566400
44,33,1.3110042300
44,34,1.3112518200
44,35,1.3114994100
44,36,1.3117470000
44,37,1.3119945900
44,38,1.3122421800
44,39,1.3124897700
44,40,1.3127373600
44,41,1.3129849500
44,42,1.3132325400
44,43,1.3134801300
44,44,1.3137277200
44,45,1.3139753100
44,46,1.3142229000
44,47,1.3144704900
44,48,1.3147180800
44,49,1.3149656700
44,50,1.3152132600
44,51,1.3154608500
44,52,1.3157084400
44,53,1.3159560300
44,54,1.3162036200
44,55,1.3164512100
44,56,0.3139593000
44,57,0.3142068900
44,58,0.3144544800
44,59,0.3147020700
44,60,0.3149496600
44,61,0.3151972500
44,62,0.3154448400
44,63,0.3156924300
44,64,0.3159400200
44,65,0.3161876100
44,66,1.3191747000
44,67,1.3194222900
44,68,1.3196698800
44,69,1.3199174700
44,70,1.3201650600
44,71,1.3204126500
44,72,1.3206602400
44,73,1.3209078300
44,74,1.3211554200
44,75,1.3214030100
44,76,1.3216506000
44,77,1.3218981900
44,78,1.3221457800
44,79,1.3223933700
44,80,1.3226409600
44,81,1.3228885500
44,82,1.3231361400
44,83,1.3233837300
44,84,1.3236313200
44,85,1.3238789100
44,86,1.3241265000
44,87,1.3243740900
44,88,1.3246216800
44,89,1.3248692700
44,90,1.3251168600
44,91,1.3253644500
44,92,1.3256120400
44,93,1.3258596300
44,94,1.3261072200
44,95,1.3263548100
44,96,1.3266024000
44,97,1.3268499900
44,98,1.3270975800
44,99,1.3273451700
44,100,1.3275927600
45,0,1.3278403500
45,1,1.3280879400
45,2,1.3283355300
45,3,1.3285831200
45,4,1.3288307100
45,5,1.3290783000
45,6,1.3293258900
45,7,1.3295734800
45,8,1.3298210700
45,9,1.3300686600
45,10,1.3303162500
45,11,1.3305638400
45,12,1.3308114300
45,13,1.3310590200
45,14,1.3313066100
45,15,1.3315542000
45,16,1.3318017900
45,17,1.3320493800
45,18,1.3322969700
45,19,1.3325445600
45,20,1.3327921500
45,21,1.3330397400
45,22,1.3332873300
45,23,1.3335349200
45,24,1.3337825100
45,25,1.3340301000
45,26,1.3342776900
45,27,1.3345252800
45,28,1.3347728700
45,29,1.3350204600
45,30,1.3352680500
45,31,1.3355156400
45,32,1.3357632300
45,33,1.3360108200
45,34,1.3362584100
45,35,1.3365060000
45,36,1.3367535900
45,37,1.3370011800
45,38,1.3372487700
45,39,1.3374963600
45,40,1.3377439500
45,41,1.3379915400
45,42,1.3382391300
45,43,1.3384867200
45,44,1.3387343100
45,45,1.3389819000
45,46,1.3392294900
45,47,1.3394770800
45,48,1.3397246700
45,49,1.3399722600
45,50,1.3402198500
45,51,1.3404674400
45,52,1.3407150300
45,53,1.3409626200
45,54,1.3412102100
45,55,0.3164352000
45,56,0.3166827900
45,57,0.3169303800
45,58,0.3171779700
45,59,0.3174255600
45,60,0.3176731500
45,61,0.3179207400
45,62,0.3181683300
45,63,0.3184159200
45,64,0.3186635100
45,65,1.3439337000
45,66,1.3441812900
45,67,1.3444288800
45,68,1.3446764700
45,69,1.3449240600
45,70,1.3451716500
45,71,1.3454192400
45,72,1.3456668300
45,73,1.3459144200
45,74,1.3461620100
45,75,1.3464096000
45,76,1.3466571900
45,77,1.3469047800
45,78,1.3471523700
45,79,1.3473999600
45,80,1.3476475500
45,81,1.3478951400
45,82,1.3481427300
45,83,1.3483903200
45,84,1.3486379100
45,85,1.3488855000
45,86,1.3491330900
45,87,1.3493806800
45,88,1.3496282700
45,89,1.3498758600
45,90,1.3501234500
45,91,1.3503710400
45,92,1.3506186300
45,93,1.3508662200
45,94,1.3511138100
45,95,1.3513614000
45,96,1.3516089900
45,97,1.3518565800
45,98,1.3521041700
45,99,1.3523517600
45,100,1.3525993500
46,0,1.3528469400
46,1,1.3530945300
46,2,1.3533421200
46,3,1.3535897100
46,4,1.3538373000
46,5,1.3540848900
46,6,1.3543324800
46,7,1.3545800700
46,8,1.3548276600
46,9,1.3550752500
46,10,1.3553228400
46,11,1.3555704300
46,12,1.3558180200
46,13,1.3560656100
46,14,1.3563132000
46,15,1.3565607900
46,16,1.3568083800
46,17,1.3570559700
46,18,1.3573035600
46,19,1.3575511500
46,20,1.3577987400
46,21,1.3580463300
46,22,1.3582939200
46,23,1.3585415100
46,24,1.3587891000
46,25,1.3590366900
46,26,1.3592842800
46,27,1.3595318700
46,28,1.3597794600
46,29,1.3600270500
46,30,1.3602746400
46,31,1.3605222300
46,32,1.3607698200
46,33,1.3610174100
46,34,1.3612650000
46,35,1.3615125900
46,36,1.3617601800
46,37,1.3620077700
46,38,1.3622553600
46,39,1.3625029500
46,40,1.3627505400
46,41,1.3629981300
46,42,1.3632457200
46,43,1.3634933100
46,44,1.3637409000
46,45,1.3639884900
46,46,1.3642360800
46,47,1.3644836700
46,48,1.3647312600
46,49,1.3649788500
46,50,1.3652264400
46,51,1.3654740300
46,52,1.3657216200
46,53,1.3659692100
46,54,0.3189111000
46,55,0.3191586900
46,56,0.3194062800
46,57,0.3196538700
46,58,0.3199014600
46,59,0.3201490500
46,60,0.3203966400
46,61,0.3206442300
46,62,0.3208918200
46,63,0.3211394100
46,64,1.3686927000
46,65,1.3689402900
46,66,1.3691878800
46,67,1.3694354700
46,68,1.3696830600
46,69,1.3699306500
46,70,1.3701782400
46,71,1.3704258300
46,72,1.3706734200
46,73,1.3709210100
46,74,1.3711686000
46,75,1.3714161900
46,76,1.3716637800
46,77,1.3719113700
46,78,1.3721589600
46,79,1.3724065500
46,80,1.3726541400
46,81,1.3729017300
46,82,1.3731493200
46,83,1.3733969100
46,84,1.3736445000
46,85,1.3738920900
46,86,1.3741396800
46,87,1.3743872700
46,88,1.3746348600
46,89,1.3748824500
46,90,1.3751300400
46,91,1.3753776300
46,92,1.3756252200
46,93,1.3758728100
46,94,1.3761204000
46,95,1.3763679900
46,96,1.3766155800
46,97,1.3768631700
46,98,1.3771107600
46,99,1.3773583500
46,100,1.3776059400
47,0,1.3778535300
47,1,1.3781011200
47,2,1.3783487100
47,3,1.3785963000
47,4,1.3788438900
47,5,1.3790914800
47,6,1.3793390700
47,7,1.3795866600
47,8,1.3798342500
47,9,1.3800818400
47,10,1.3803294300
47,11,1.3805770200
47,12,1.3808246100
47,13,1.3810722000
47,14,1.3813197900
47,15,1.3815673800
47,16,1.3818149700
47,17,1.3820625600
47,18,1.3823101500
47,19,1.3825577400
47,20,1.3828053300
47,21,1.3830529200
47,22,1.3833005100
47,23,1.3835481000
47,24,1.3837956900
47,25,1.3840432800
47,26,1.3842908700
47,27,1.3845384600
47,28,1.3847860500
47,29,1.3850336400
47,30,1.3852812300
47,31,1.3855288200
47,32,1.3857764100
47,33,1.3860240000
47,34,1.3862715900
47,35,1.3865191800
47,36,1.3867667700
47,37,1.3870143600
47,38,1.3872619500
47,39,1.3875095400
47,40,1.3877571300
47,41,1.3880047200
47,42,1.3882523100
47,43,1.3884999000
47,44,1.3887474900
47,45,1.3889950800
47,46,1.3892426700
47,47,1.3894902600
47,48,1.3897378500
47,49,1.3899854400
47,50,1.3902330300
47,51,1.3904806200
47,52,1.3907282100
47,53,0.3213870000
47,54,0.3216345900
47,55,0.3218821800
47,56,0.3221297700
47,57,0.3223773600
47,58,0.3226249500
47,59,0.3228725400
47,60,0.3231201300
47,61,0.3233677200
47,62,0.3236153100
47,63,1.3934517000
47,64,1.3936992900
47,65,1.3939468800
47,66,1.3941944700
47,67,1.3944420600
47,68,1.3946896500
47,69,1.3949372400
47,70,1.3951848300
47,71,1.3954324200
47,72,1.3956800100
47,73,1.3959276000
47,74,1.3961751900
47,75,1.3964227800
47,76,1.3966703700
47,77,1.3969179600
47,78,1.3971655500
47,79,1.3974131400
47,80,1.3976607300
47,81,1.3979083200
47,82,1.3981559100
47,83,1.3984035000
47,84,1.3986510900
47,85,1.3988986800
47,86,1.3991462700
47,87,1.3993938600
47,88,1.3996414500
47,89,1.3998890400
47,90,1.4001366300
47,91,1.4003842200
47,92,1.4006318100
47,93,1.4008794000
47,94,1.4011269900
47,95,1.4013745800
47,96,1.4016221700
47,97,1.4018697600
47,98,1.4021173500
47,99,1.4023649400
47,100,1.4026125300
48,0,1.4028601200
48,1,1.4031077100
48,2,1.4033553000
48,3,1.4036028900
48,4,1.4038504800
48,5,1.4040980700
48,6,1.4043456600
48,7,1.4045932500
48,8,1.4048408400
48,9,1.4050884300
48,10,1.4053360200
48,11,1.4055836100
48,12,1.4058312000
48,13,1.4060787900
48,14,1.4063263800
48,15,1.4065739700
48,16,1.4068215600
48,17,1.4070691500
48,18,1.4073167400
48,19,1.4075643300
48,20,1.4078119200
48,21,1.4080595100
48,22,1.4083071000
48,23,1.4085546900
48,24,1.4088022800
48,25,1.4090498700
48,26,1.4092974600
48,27,1.4095450500
48,28,1.4097926400
48,29,1.4100402300
48,30,1.4102878200
48,31,1.4105354100
48,32,1.4107830000
48,33,1.4110305900
48,34,1.4112781800
48,35,1.4115257700
48,36,1.4117733600
48,37,1.4120209500
48,38,1.4122685400
48,39,1.4125161300
48,40,1.4127637200
48,41,1.4130113100
48,42,1.4132589000
48,43,1.4135064900
48,44,1.4137540800
48,45,1.4140016700
48,46,1.4142492600
48,47,1.4144968500
48,48,1.4147444400
48,49,1.4149920300
48,50,1.4152396200
48,51,1.4154872100
48,52,0.3238629000
48,53,0.3241104900
48,54,0.3243580800
48,55,0.3246056700
48,56,0.3248532600
48,57,0.3251008500
48,58,0.3253484400
48,59,0.3255960300
48,60,0.3258436200
48,61,0.3260912100
48,62,1.4182107000
48,63,1.4184582900
48,64,1.4187058800
48,65,1.4189534700
48,66,1.4192010600
48,67,1.4194486500
48,68,1.4196962400
48,69,1.4199438300
48,70,1.4201914200
48,71,1.4204390100
48,72,1.4206866000
48,73,1.4209341900
48,74,1.4211817800
48,75,1.4214293700
48,76,1.4216769600
48,77,1.4219245500
48,78,1.4221721400
48,79,1.4224197300
48,80,1.4226673200
48,81,1.4229149100
48,82,1.4231625000
48,83,1.4234100900
48,84,1.4236576800
48,85,1.4239052700
48,86,1.4241528600
48,87,1.4244004500
48,88,1.4246480400
48,89,1.4248956300
48,90,1.4251432200
48,91,1.4253908100
48,92,1.4256384000
48,93,1.4258859900
48,94,1.4261335800
48,95,1.4263811700
48,96,1.4266287600
48,97,1.4268763500
48,98,1.4271239400
48,99,1.4273715300
48,100,1.4276191200
49,0,1.4278667100
49,1,1.4281143000
49,2,1.4283618900
49,3,1.4286094800
49,4,1.4288570700
49,5,1.4291046600
49,6,1.4293522500
49,7,1.4295998400
49,8,1.4298474300
49,9,1.4300950200
49,10,1.4303426100
49,11,1.4305902000
49,12,1.4308377900
49,13,1.4310853800
49,14,1.4313329700
49,15,1.4315805600
49,16,1.4318281500
49,17,1.4320757400
49,18,1.4323233300
49,19,1.4325709200
49,20,1.4328185100
49,21,1.4330661000
49,22,1.4333136900
49,23,1.4335612800
49,24,1.4338088700
49,25,1.4340564600
49,26,1.4343040500
49,27,1.4345516400
49,28,1.4347992300
49,29,1.4350468200
49,30,1.4352944100
49,31,1.4355420000
49,32,1.4357895900
49,33,1.4360371800
49,34,1.4362847700
49,35,1.4365323600
49,36,1.4367799500
49,37,1.4370275400
49,38,1.4372751300
49,39,1.4375227200
49,40,1.4377703100
49,41,1.4380179000
49,42,1.4382654900
49,43,1.4385130800
49,44,1.4387606700
49,45,1.4390082600
49,46,1.4392558500
49,47,1.4395034400
49,48,1.4397510300
49,49,1.4399986200
49,50,1.4402462100
